	Gait FB - IOR 1.c3d	Gait FB - IOR 1.c3d	Gait FB - IOR 2.c3d	Gait FB - IOR 2.c3d	Gait FB - IOR 2.c3d	Gait FB - IOR 6.c3d	Gait FB - IOR 6.c3d	Gait FB - IOR 7.c3d	Gait FB - IOR 7.c3d	Gait FB - IOR 8.c3d	Gait FB - IOR 8.c3d	Static.c3d
	Left Hip Angles	Left Hip Angles	Left Hip Angles	Left Hip Angles	Left Hip Angles	Left Hip Angles	Left Hip Angles	Left Hip Angles	Left Hip Angles	Left Hip Angles	Left Hip Angles	Left Hip Angles
	LINK_MODEL_BASED	LINK_MODEL_BASED	LINK_MODEL_BASED	LINK_MODEL_BASED	LINK_MODEL_BASED	LINK_MODEL_BASED	LINK_MODEL_BASED	LINK_MODEL_BASED	LINK_MODEL_BASED	LINK_MODEL_BASED	LINK_MODEL_BASED	LINK_MODEL_BASED
	ORIGINAL	ORIGINAL	ORIGINAL	ORIGINAL	ORIGINAL	ORIGINAL	ORIGINAL	ORIGINAL	ORIGINAL	ORIGINAL	ORIGINAL	ORIGINAL
ITEM	X	X	X	X	X	X	X	X	X	X	X	X
1	52.6	50.8	50.2	50.5	51.0	51.5	51.1	50.1	50.8	50.8	50.6	19.8
2	51.7	49.8	49.2	49.5	49.8	50.4	49.8	49.1	49.6	49.3	49.3	19.8
3	50.5	48.6	47.9	48.2	48.4	48.9	48.2	47.7	48.1	47.6	47.6	19.8
4	49.0	47.0	46.3	46.6	46.7	47.1	46.4	46.0	46.4	45.6	45.6	19.8
5	47.2	45.3	44.6	44.8	44.8	45.1	44.6	44.1	44.5	43.7	43.5	19.8
6	45.3	43.4	42.8	43.0	42.8	43.1	42.7	42.2	42.6	41.7	41.5	19.8
7	43.2	41.5	41.0	41.1	40.8	41.0	40.9	40.2	40.7	39.8	39.4	19.8
8	41.2	39.7	39.2	39.3	38.8	38.9	39.2	38.3	38.9	38.1	37.5	19.8
9	39.3	38.0	37.5	37.6	37.1	37.1	37.7	36.6	37.2	36.6	35.9	19.8
10	37.6	36.4	36.0	36.2	35.5	35.5	36.4	35.1	35.8	35.3	34.4	19.8
11	36.0	35.1	34.7	35.0	34.1	34.1	35.2	33.9	34.5	34.3	33.2	19.8
12	34.7	34.0	33.5	34.0	33.0	32.9	34.2	32.9	33.5	33.4	32.1	19.8
13	33.6	33.0	32.4	33.0	32.0	31.9	33.3	32.0	32.5	32.6	31.2	19.8
14	32.7	32.1	31.4	32.2	31.1	31.0	32.4	31.1	31.5	31.8	30.3	19.8
15	31.8	31.3	30.4	31.3	30.4	30.2	31.5	30.4	30.7	31.0	29.4	19.8
16	30.9	30.5	29.5	30.6	29.7	29.5	30.7	29.7	29.8	30.2	28.6	19.8
17	30.1	29.7	28.7	29.8	29.1	28.9	29.9	29.0	29.1	29.4	27.8	19.8
18	29.3	29.0	27.9	29.1	28.5	28.2	29.2	28.3	28.4	28.6	27.0	19.8
19	28.5	28.3	27.1	28.4	27.8	27.6	28.5	27.7	27.7	27.8	26.2	19.8
20	27.7	27.6	26.3	27.7	27.1	26.9	27.8	27.0	27.0	26.9	25.4	19.8
21	26.8	26.9	25.6	26.9	26.4	26.2	27.1	26.3	26.4	26.1	24.6	19.8
22	26.0	26.1	24.8	26.1	25.7	25.5	26.3	25.6	25.7	25.4	23.9	19.8
23	25.2	25.4	24.1	25.4	25.1	24.8	25.6	25.0	25.0	24.7	23.1	19.8
24	24.4	24.7	23.5	24.7	24.4	24.1	24.9	24.3	24.4	24.0	22.5	19.8
25	23.7	24.0	22.9	24.0	23.8	23.5	24.3	23.8	23.8	23.5	21.9	19.8
26	23.1	23.4	22.3	23.4	23.2	22.9	23.7	23.3	23.2	23.0	21.4	19.8
27	22.6	22.8	21.9	22.9	22.7	22.3	23.1	22.8	22.7	22.5	20.9	19.8
28	22.2	22.2	21.4	22.5	22.2	21.8	22.6	22.4	22.2	22.1	20.6	19.8
29	21.8	21.7	21.1	22.1	21.7	21.3	22.1	21.9	21.8	21.8	20.2	19.8
30	21.3	21.2	20.7	21.8	21.2	20.9	21.6	21.5	21.3	21.4	19.9	19.8
31	20.9	20.8	20.3	21.4	20.7	20.4	21.1	21.1	20.9	21.1	19.6	19.8
32	20.5	20.3	19.9	21.0	20.2	20.0	20.6	20.6	20.4	20.7	19.3	19.8
33	20.1	19.8	19.5	20.6	19.7	19.5	20.2	20.2	19.9	20.4	19.1	19.8
34	19.6	19.4	19.1	20.1	19.1	19.1	19.7	19.7	19.4	20.0	18.8	19.8
35	19.2	18.9	18.6	19.7	18.6	18.6	19.2	19.2	18.9	19.7	18.5	19.8
36	18.7	18.4	18.2	19.1	18.0	18.0	18.7	18.6	18.4	19.3	18.1	19.8
37	18.3	17.9	17.7	18.6	17.4	17.4	18.1	18.0	17.9	18.9	17.8	19.8
38	17.8	17.4	17.2	18.0	16.8	16.8	17.6	17.3	17.3	18.5	17.5	19.8
39	17.4	16.9	16.7	17.5	16.1	16.0	17.0	16.6	16.7	18.1	17.1	19.8
40	16.9	16.3	16.2	16.9	15.5	15.3	16.3	15.8	16.0	17.6	16.8	19.8
41	16.3	15.7	15.6	16.4	14.8	14.5	15.6	15.0	15.4	17.1	16.5	19.8
42	15.8	15.0	15.0	15.8	14.2	13.6	14.9	14.2	14.7	16.5	16.2	19.8
43	15.2	14.4	14.4	15.2	13.6	12.8	14.2	13.5	14.1	15.9	15.9	19.8
44	14.7	13.7	13.7	14.6	13.1	12.1	13.5	12.8	13.5	15.2	15.6	19.8
45	14.1	13.0	13.0	13.9	12.6	11.3	12.9	12.1	12.8	14.6	15.2	19.8
46	13.4	12.3	12.3	13.3	12.0	10.6	12.2	11.5	12.2	13.9	14.7	19.8
47	12.8	11.7	11.7	12.6	11.5	9.9	11.6	10.8	11.6	13.2	14.3	19.8
48	12.1	11.0	11.0	11.9	10.9	9.3	11.0	10.2	10.9	12.5	13.8	19.8
49	11.5	10.2	10.4	11.3	10.2	8.6	10.4	9.7	10.3	11.9	13.3	19.8
50	10.8	9.5	9.7	10.6	9.5	8.1	9.8	9.2	9.6	11.2	12.8	19.8
51	10.2	8.8	9.2	10.1	8.8	7.6	9.3	8.9	8.9	10.7	12.3	19.8
52	9.7	8.1	8.6	9.5	8.1	7.2	8.8	8.6	8.3	10.1	11.8	19.8
53	9.2	7.4	8.1	9.1	7.6	7.0	8.4	8.4	7.7	9.7	11.4	19.8
54	8.8	6.9	7.7	8.7	7.2	6.9	8.1	8.4	7.3	9.3	10.9	19.8
55	8.5	6.4	7.3	8.4	7.0	7.0	8.0	8.4	7.0	9.0	10.6	19.8
56	8.4	6.1	7.1	8.4	7.1	7.4	8.1	8.7	6.9	9.0	10.4	19.8
57	8.4	6.1	7.1	8.6	7.4	8.1	8.4	9.2	7.2	9.1	10.3	19.8
58	8.5	6.3	7.3	9.1	8.0	9.2	9.0	10.0	7.9	9.5	10.5	19.8
59	9.0	7.0	7.9	10.0	9.1	10.8	10.0	11.2	9.0	10.3	11.0	19.8
60	9.8	8.2	9.0	11.3	10.6	12.7	11.4	12.9	10.7	11.4	11.9	19.8
61	11.0	9.8	10.5	13.0	12.6	15.1	13.1	14.9	12.9	12.9	13.3	19.8
62	12.6	11.9	12.6	15.1	14.9	17.8	15.3	17.3	15.5	14.8	15.1	19.8
63	14.7	14.5	15.0	17.6	17.6	20.7	17.8	19.9	18.4	17.1	17.3	19.8
64	17.1	17.3	17.8	20.3	20.4	23.7	20.5	22.7	21.4	19.6	19.8	19.8
65	19.8	20.2	20.9	23.1	23.3	26.7	23.4	25.5	24.5	22.4	22.6	19.8
66	22.8	23.3	24.1	26.0	26.3	29.6	26.4	28.4	27.5	25.2	25.5	19.8
67	25.8	26.3	27.3	28.9	29.2	32.4	29.4	31.2	30.5	28.2	28.4	19.8
68	28.8	29.2	30.5	31.6	32.1	35.0	32.3	33.9	33.3	31.1	31.3	19.8
69	31.7	32.1	33.5	34.2	34.9	37.5	35.1	36.5	36.0	34.0	34.1	19.8
70	34.5	34.7	36.4	36.7	37.5	39.7	37.8	39.0	38.6	36.7	36.8	19.8
71	37.2	37.2	39.0	39.1	40.0	41.8	40.3	41.3	41.1	39.3	39.3	19.8
72	39.7	39.6	41.5	41.3	42.2	43.8	42.7	43.4	43.4	41.7	41.7	19.8
73	42.0	41.7	43.8	43.5	44.3	45.6	44.9	45.3	45.5	43.9	44.0	19.8
74	44.2	43.7	45.9	45.5	46.2	47.4	47.0	47.1	47.5	45.9	46.1	19.8
75	46.2	45.6	47.9	47.4	47.8	48.9	48.9	48.7	49.3	47.8	48.0	19.8
76	48.0	47.3	49.6	49.2	49.3	50.4	50.6	50.2	51.0	49.5	49.7	19.8
77	49.7	48.8	51.2	50.9	50.7	51.7	52.1	51.5	52.4	51.0	51.3	19.8
78	51.3	50.3	52.7	52.4	51.9	52.9	53.5	52.7	53.7	52.4	52.8	19.8
79	52.7	51.6	53.9	53.8	52.9	54.0	54.6	53.7	54.9	53.6	54.1	19.8
80	54.0	52.7	55.0	55.0	53.8	54.9	55.5	54.4	55.9	54.7	55.2	19.8
81	55.1	53.8	56.0	56.0	54.6	55.6	56.2	54.9	56.7	55.5	56.1	19.8
82	56.1	54.7	56.7	56.8	55.3	56.2	56.7	55.2	57.3	56.2	56.7	19.8
83	56.8	55.4	57.3	57.3	55.8	56.6	56.9	55.4	57.7	56.7	57.2	19.8
84	57.3	55.9	57.6	57.7	56.1	56.9	56.9	55.4	57.9	57.0	57.4	19.8
85	57.5	56.2	57.8	57.8	56.3	57.0	56.7	55.2	58.0	57.1	57.5	19.8
86	57.4	56.4	57.8	57.8	56.3	57.0	56.4	55.0	57.9	56.9	57.3	19.8
87	57.2	56.4	57.6	57.6	56.2	56.8	55.9	54.7	57.6	56.6	56.9	19.8
88	56.9	56.2	57.2	57.2	55.9	56.6	55.4	54.4	57.1	56.1	56.4	19.8
89	56.4	55.9	56.7	56.7	55.5	56.2	54.9	54.1	56.5	55.5	55.8	19.8
90	55.9	55.4	56.0	56.2	55.0	55.8	54.3	53.7	55.9	54.8	55.2	19.8
91	55.4	54.9	55.3	55.6	54.4	55.3	53.8	53.4	55.2	54.2	54.5	19.8
92	54.8	54.4	54.6	55.2	53.8	54.9	53.3	53.1	54.7	53.7	53.9	19.8
93	54.3	53.8	54.0	54.7	53.3	54.5	52.9	52.9	54.2	53.3	53.5	19.8
94	53.8	53.4	53.4	54.4	52.9	54.1	52.7	52.8	53.9	53.0	53.3	19.8
95	53.4	53.1	52.9	54.1	52.6	53.9	52.6	52.7	53.7	52.8	53.3	19.8
96	53.0	52.9	52.5	53.8	52.3	53.7	52.7	52.7	53.6	52.7	53.4	19.8
97	52.7	52.7	52.2	53.5	52.1	53.5	52.8	52.7	53.5	52.6	53.5	19.8
98	52.4	52.5	52.0	53.2	51.7	53.3	52.9	52.5	53.2	52.4	53.4	19.8
99	52.0	52.2	51.7	52.7	51.3	52.8	52.8	52.2	52.7	52.1	53.0	19.8
100	51.5	51.8	51.2	52.0	50.6	52.2	52.5	51.7	51.9	51.5	52.2	19.8
101	50.8	51.1	50.5	51.0	49.7	51.1	51.8	50.8	50.7	50.6	50.9	19.8