	Gait FB - IOR 1.c3d	Gait FB - IOR 1.c3d	Gait FB - IOR 2.c3d	Gait FB - IOR 2.c3d	Gait FB - IOR 2.c3d	Gait FB - IOR 6.c3d	Gait FB - IOR 6.c3d	Gait FB - IOR 7.c3d	Gait FB - IOR 7.c3d	Gait FB - IOR 8.c3d	Gait FB - IOR 8.c3d	Static.c3d
	Left Foot Pitch Angles	Left Foot Pitch Angles	Left Foot Pitch Angles	Left Foot Pitch Angles	Left Foot Pitch Angles	Left Foot Pitch Angles	Left Foot Pitch Angles	Left Foot Pitch Angles	Left Foot Pitch Angles	Left Foot Pitch Angles	Left Foot Pitch Angles	Left Foot Pitch Angles
	LINK_MODEL_BASED	LINK_MODEL_BASED	LINK_MODEL_BASED	LINK_MODEL_BASED	LINK_MODEL_BASED	LINK_MODEL_BASED	LINK_MODEL_BASED	LINK_MODEL_BASED	LINK_MODEL_BASED	LINK_MODEL_BASED	LINK_MODEL_BASED	LINK_MODEL_BASED
	ORIGINAL	ORIGINAL	ORIGINAL	ORIGINAL	ORIGINAL	ORIGINAL	ORIGINAL	ORIGINAL	ORIGINAL	ORIGINAL	ORIGINAL	ORIGINAL
ITEM	X	X	X	X	X	X	X	X	X	X	X	X
1	26.1	23.0	20.5	22.2	20.1	23.9	21.6	20.2	19.7	21.5	22.7	0.0
2	23.5	20.0	17.6	18.9	16.3	20.4	18.1	16.5	16.4	17.9	19.4	0.0
3	20.1	16.5	14.3	15.1	12.4	16.3	14.3	12.5	12.8	14.0	15.7	0.0
4	16.3	12.9	11.0	11.4	8.7	12.2	10.6	8.9	9.3	10.4	11.9	0.0
5	12.5	9.6	8.1	8.1	5.8	8.5	7.5	6.0	6.5	7.5	8.6	0.0
6	9.1	6.9	5.9	5.7	3.7	5.7	5.2	4.0	4.4	5.4	6.1	0.0
7	6.5	4.9	4.4	4.0	2.3	3.7	3.6	2.8	3.1	4.0	4.5	0.0
8	4.8	3.6	3.4	3.0	1.5	2.5	2.8	2.3	2.4	3.3	3.6	0.0
9	3.7	2.8	2.7	2.5	1.1	1.9	2.3	2.0	2.1	2.8	3.2	0.0
10	3.1	2.3	2.3	2.1	0.9	1.6	2.0	1.9	1.9	2.5	3.0	0.0
11	2.8	2.0	2.0	1.9	0.7	1.4	1.8	1.7	1.7	2.2	2.8	0.0
12	2.4	1.7	1.7	1.6	0.6	1.2	1.6	1.5	1.5	2.0	2.6	0.0
13	2.1	1.4	1.4	1.3	0.4	1.1	1.4	1.3	1.3	1.7	2.2	0.0
14	1.8	1.1	1.1	1.1	0.3	0.9	1.2	1.0	1.1	1.5	1.9	0.0
15	1.5	0.8	0.9	0.9	0.2	0.7	1.1	0.8	0.9	1.3	1.6	0.0
16	1.3	0.6	0.7	0.7	0.1	0.5	0.9	0.7	0.7	1.1	1.4	0.0
17	1.1	0.4	0.6	0.6	-0.0	0.4	0.7	0.6	0.5	1.0	1.1	0.0
18	0.9	0.2	0.4	0.5	-0.1	0.3	0.6	0.5	0.4	0.9	1.0	0.0
19	0.8	0.1	0.3	0.4	-0.2	0.2	0.5	0.4	0.3	0.8	0.8	0.0
20	0.6	-0.1	0.2	0.4	-0.3	0.0	0.4	0.3	0.2	0.7	0.7	0.0
21	0.5	-0.2	0.1	0.3	-0.4	-0.1	0.3	0.2	0.1	0.6	0.6	0.0
22	0.4	-0.4	0.1	0.2	-0.5	-0.2	0.2	0.1	-0.0	0.5	0.5	0.0
23	0.3	-0.5	-0.0	0.1	-0.5	-0.3	0.1	0.0	-0.1	0.5	0.3	0.0
24	0.2	-0.6	-0.1	-0.0	-0.6	-0.4	-0.0	-0.0	-0.2	0.4	0.2	0.0
25	0.1	-0.7	-0.2	-0.2	-0.7	-0.6	-0.1	-0.1	-0.3	0.3	0.1	0.0
26	-0.0	-0.8	-0.2	-0.3	-0.7	-0.7	-0.3	-0.2	-0.4	0.2	0.0	0.0
27	-0.1	-1.0	-0.3	-0.4	-0.8	-0.8	-0.4	-0.3	-0.6	0.1	-0.0	0.0
28	-0.2	-1.1	-0.4	-0.5	-0.9	-0.9	-0.5	-0.4	-0.7	0.0	-0.1	0.0
29	-0.3	-1.2	-0.4	-0.6	-1.0	-1.0	-0.6	-0.5	-0.8	-0.0	-0.2	0.0
30	-0.4	-1.3	-0.5	-0.7	-1.1	-1.1	-0.7	-0.6	-0.9	-0.1	-0.2	0.0
31	-0.5	-1.3	-0.6	-0.8	-1.1	-1.2	-0.8	-0.7	-1.0	-0.2	-0.3	0.0
32	-0.6	-1.4	-0.7	-0.9	-1.2	-1.3	-0.9	-0.8	-1.1	-0.3	-0.3	0.0
33	-0.7	-1.5	-0.8	-1.0	-1.3	-1.4	-0.9	-0.9	-1.2	-0.4	-0.3	0.0
34	-0.9	-1.5	-0.9	-1.1	-1.4	-1.5	-1.0	-0.9	-1.3	-0.5	-0.4	0.0
35	-1.0	-1.6	-1.0	-1.2	-1.5	-1.7	-1.2	-1.0	-1.4	-0.6	-0.4	0.0
36	-1.1	-1.7	-1.1	-1.3	-1.6	-1.8	-1.3	-1.1	-1.5	-0.7	-0.5	0.0
37	-1.2	-1.8	-1.2	-1.5	-1.7	-2.0	-1.4	-1.3	-1.6	-0.8	-0.6	0.0
38	-1.4	-1.9	-1.3	-1.6	-1.9	-2.1	-1.6	-1.4	-1.7	-0.9	-0.7	0.0
39	-1.5	-2.1	-1.4	-1.8	-2.0	-2.3	-1.7	-1.5	-1.9	-1.0	-0.8	0.0
40	-1.7	-2.3	-1.6	-2.1	-2.2	-2.6	-1.9	-1.7	-2.1	-1.2	-1.0	0.0
41	-1.9	-2.5	-1.9	-2.4	-2.4	-2.9	-2.1	-1.8	-2.3	-1.4	-1.1	0.0
42	-2.1	-2.8	-2.1	-2.7	-2.7	-3.2	-2.4	-2.1	-2.6	-1.7	-1.4	0.0
43	-2.4	-3.1	-2.5	-3.1	-3.1	-3.7	-2.8	-2.4	-2.9	-2.0	-1.7	0.0
44	-2.8	-3.5	-2.9	-3.6	-3.6	-4.2	-3.2	-2.9	-3.3	-2.3	-2.1	0.0
45	-3.3	-4.0	-3.4	-4.2	-4.2	-5.0	-3.8	-3.5	-3.8	-2.8	-2.6	0.0
46	-3.9	-4.5	-4.1	-5.0	-4.9	-5.9	-4.4	-4.2	-4.5	-3.4	-3.2	0.0
47	-4.6	-5.2	-4.8	-5.9	-5.8	-7.0	-5.3	-5.1	-5.3	-4.2	-4.0	0.0
48	-5.5	-6.0	-5.7	-6.9	-7.0	-8.3	-6.3	-6.3	-6.3	-5.1	-4.8	0.0
49	-6.6	-6.9	-6.8	-8.1	-8.3	-9.8	-7.6	-7.7	-7.5	-6.3	-5.9	0.0
50	-7.9	-8.1	-8.1	-9.5	-9.9	-11.6	-9.1	-9.2	-8.9	-7.6	-7.1	0.0
51	-9.4	-9.4	-9.5	-11.2	-11.7	-13.6	-10.8	-11.0	-10.6	-9.2	-8.5	-0.0
52	-11.0	-10.9	-11.2	-13.1	-13.8	-15.9	-12.7	-13.0	-12.5	-11.0	-10.1	-0.0
53	-12.9	-12.7	-13.2	-15.2	-16.3	-18.4	-15.0	-15.4	-14.7	-13.1	-11.9	-0.0
54	-15.0	-14.8	-15.4	-17.7	-19.0	-21.4	-17.5	-18.0	-17.2	-15.5	-14.0	-0.0
55	-17.4	-17.2	-18.0	-20.6	-22.2	-24.7	-20.4	-21.0	-20.1	-18.2	-16.5	-0.0
56	-20.0	-19.9	-21.0	-23.8	-25.8	-28.6	-23.8	-24.5	-23.4	-21.4	-19.3	-0.0
57	-23.1	-23.1	-24.5	-27.6	-30.0	-33.0	-27.7	-28.6	-27.3	-25.1	-22.6	-0.0
58	-26.6	-26.7	-28.5	-32.0	-34.8	-38.2	-32.1	-33.4	-31.9	-29.3	-26.5	-0.0
59	-30.6	-31.0	-33.2	-37.0	-40.3	-43.9	-37.3	-38.9	-37.3	-34.3	-31.0	-0.0
60	-35.4	-35.8	-38.7	-42.6	-46.3	-50.2	-43.2	-44.9	-43.5	-40.0	-36.2	-0.0
61	-40.9	-41.4	-44.9	-48.8	-52.7	-56.6	-49.6	-51.1	-50.4	-46.4	-42.2	-0.0
62	-46.9	-47.6	-51.6	-55.3	-59.1	-62.5	-56.3	-57.1	-57.8	-53.1	-48.6	-0.0
63	-53.3	-54.0	-58.6	-61.6	-64.9	-67.5	-62.6	-62.2	-64.8	-59.7	-55.3	-0.0
64	-59.4	-60.3	-65.3	-67.2	-69.6	-71.1	-68.0	-66.1	-70.9	-65.5	-61.6	-0.0
65	-64.7	-65.8	-71.3	-71.6	-72.9	-73.2	-72.0	-68.5	-75.5	-69.9	-66.9	-0.0
66	-68.6	-70.1	-76.1	-74.4	-74.6	-73.7	-74.4	-69.5	-78.3	-72.5	-70.5	-0.0
67	-70.9	-72.9	-79.5	-75.6	-75.0	-73.0	-75.2	-69.3	-79.3	-73.5	-72.2	-0.0
68	-71.6	-74.2	-81.3	-75.3	-74.3	-71.3	-74.8	-68.3	-78.7	-73.0	-72.1	-0.0
69	-71.1	-74.0	-81.6	-73.8	-72.6	-69.1	-73.4	-66.8	-76.8	-71.4	-70.5	-0.0
70	-69.6	-72.7	-80.4	-71.5	-70.4	-66.6	-71.5	-65.1	-74.0	-69.3	-68.0	-0.0
71	-67.7	-70.7	-78.1	-68.7	-67.7	-63.8	-69.3	-63.0	-70.9	-66.8	-65.1	-0.0
72	-65.5	-68.3	-74.8	-65.6	-64.8	-61.0	-66.9	-60.7	-67.5	-64.0	-62.0	-0.0
73	-63.2	-65.6	-70.9	-62.3	-61.8	-58.0	-64.4	-58.2	-64.0	-61.0	-58.8	-0.0
74	-60.8	-62.7	-66.6	-58.9	-58.5	-54.9	-61.5	-55.4	-60.5	-57.6	-55.6	-0.0
75	-58.1	-59.6	-62.1	-55.2	-55.1	-51.6	-58.4	-52.2	-56.9	-54.0	-52.1	-0.0
76	-55.2	-56.3	-57.4	-51.4	-51.4	-48.0	-54.9	-48.8	-53.0	-50.1	-48.3	-0.0
77	-52.0	-52.8	-52.6	-47.3	-47.5	-44.1	-51.1	-45.0	-49.0	-46.0	-44.3	-0.0
78	-48.4	-49.0	-47.7	-43.0	-43.3	-39.9	-47.0	-41.0	-44.6	-41.7	-40.0	-0.0
79	-44.4	-45.0	-42.8	-38.5	-39.0	-35.5	-42.6	-36.6	-40.1	-37.3	-35.5	-0.0
80	-40.1	-40.8	-37.8	-33.9	-34.5	-31.0	-38.1	-32.1	-35.3	-32.7	-30.8	-0.0
81	-35.6	-36.4	-32.7	-29.1	-29.9	-26.3	-33.3	-27.3	-30.3	-27.9	-26.0	-0.0
82	-30.8	-31.8	-27.5	-24.3	-25.1	-21.5	-28.4	-22.5	-25.3	-23.0	-21.0	-0.0
83	-25.9	-27.1	-22.4	-19.4	-20.2	-16.7	-23.4	-17.5	-20.1	-18.0	-16.0	-0.0
84	-20.9	-22.3	-17.2	-14.6	-15.3	-11.8	-18.2	-12.6	-14.9	-13.0	-11.0	-0.0
85	-15.9	-17.4	-12.2	-9.8	-10.4	-7.0	-13.1	-7.7	-9.8	-8.0	-6.0	-0.0
86	-10.9	-12.5	-7.2	-5.0	-5.5	-2.2	-7.9	-2.9	-4.7	-3.0	-1.0	-0.0
87	-6.0	-7.6	-2.5	-0.3	-0.7	2.5	-2.9	1.7	0.3	1.8	3.8	-0.0
88	-1.2	-2.8	2.1	4.2	3.8	6.9	2.0	5.9	5.1	6.4	8.4	-0.0
89	3.4	1.9	6.4	8.5	8.1	11.2	6.7	9.8	9.7	10.8	12.7	-0.0
90	7.8	6.5	10.4	12.5	12.1	15.1	10.9	13.2	13.9	14.8	16.6	-0.0
91	11.9	10.7	14.1	16.3	15.6	18.6	14.7	16.1	17.7	18.3	20.2	-0.0
92	15.6	14.7	17.4	19.6	18.8	21.6	18.0	18.7	20.9	21.5	23.2	-0.0
93	18.9	18.2	20.2	22.4	21.5	24.2	20.8	20.9	23.6	24.1	25.6	-0.0
94	21.8	21.2	22.7	24.7	23.8	26.2	23.0	22.7	25.8	26.3	27.5	-0.0
95	24.1	23.7	24.7	26.5	25.6	27.7	24.7	24.1	27.5	27.9	28.7	-0.0
96	25.9	25.8	26.1	27.6	26.8	28.5	25.8	25.1	28.5	28.8	29.2	-0.0
97	27.1	27.2	27.0	27.9	27.3	28.6	26.3	25.5	28.9	29.0	28.9	-0.0
98	27.5	27.9	27.2	27.5	27.2	28.0	26.2	25.2	28.5	28.5	27.9	-0.0
99	26.9	27.8	26.5	26.0	26.2	26.7	25.5	24.2	27.3	27.2	26.1	-0.0
100	25.4	26.8	24.8	23.5	24.4	24.5	24.0	22.4	25.4	25.3	23.5	-0.0
101	23.0	24.9	22.2	20.1	21.8	21.6	22.0	19.7	22.7	22.7	20.2	-0.0