	Gait FB - IOR 1.c3d	Gait FB - IOR 2.c3d	Gait FB - IOR 2.c3d	Gait FB - IOR 2.c3d	Gait FB - IOR 6.c3d	Gait FB - IOR 6.c3d	Gait FB - IOR 7.c3d	Gait FB - IOR 7.c3d	Gait FB - IOR 8.c3d	Gait FB - IOR 8.c3d
	Left Soleus	Left Soleus	Left Soleus	Left Soleus	Left Soleus	Left Soleus	Left Soleus	Left Soleus	Left Soleus	Left Soleus
	ANALOG	ANALOG	ANALOG	ANALOG	ANALOG	ANALOG	ANALOG	ANALOG	ANALOG	ANALOG
	EMG_PROCESSED	EMG_PROCESSED	EMG_PROCESSED	EMG_PROCESSED	EMG_PROCESSED	EMG_PROCESSED	EMG_PROCESSED	EMG_PROCESSED	EMG_PROCESSED	EMG_PROCESSED
ITEM	X	X	X	X	X	X	X	X	X	X
1	18.0	20.6	21.7	29.9	15.6	26.5	41.6	23.2	33.3	12.9
2	23.5	26.2	28.4	30.9	28.4	31.6	42.2	25.7	34.4	27.1
3	24.0	30.1	27.0	34.2	30.4	38.2	45.5	28.1	37.5	31.3
4	30.1	33.1	29.0	34.8	33.4	43.4	46.0	29.4	40.9	34.1
5	32.0	34.2	31.7	34.7	34.4	43.7	47.6	29.6	43.0	35.4
6	32.8	34.0	31.7	25.8	33.7	42.3	39.0	29.2	37.8	38.3
7	32.5	31.0	29.7	28.2	34.5	38.8	30.1	20.4	30.4	35.1
8	29.4	28.9	27.6	26.4	25.5	36.2	26.6	21.3	31.0	32.6
9	29.2	25.1	26.5	22.0	23.2	31.0	26.2	20.6	27.1	35.8
10	25.9	21.7	24.8	20.3	22.1	23.3	24.9	19.2	23.8	39.1
11	23.3	18.9	19.6	18.8	21.3	22.5	23.7	18.1	21.7	40.2
12	21.0	17.4	15.3	18.7	20.3	20.3	23.4	19.0	21.2	43.1
13	19.2	17.6	14.3	14.0	20.6	20.4	22.5	19.6	15.8	41.9
14	17.3	14.2	13.4	15.0	20.4	20.6	21.5	19.2	13.2	38.5
15	16.4	10.6	13.7	15.3	18.4	18.8	20.1	16.0	11.7	31.1
16	10.9	15.2	13.5	15.1	15.9	19.1	20.1	15.9	12.8	29.5
17	10.4	16.0	14.0	14.7	15.4	18.5	16.1	16.5	12.6	16.3
18	10.1	15.8	15.5	12.3	14.7	17.6	12.9	16.3	12.8	15.4
19	10.4	14.6	14.4	16.7	12.4	15.5	14.0	16.6	12.5	14.8
20	9.7	14.3	12.2	16.3	12.9	16.2	12.7	18.0	12.2	12.9
21	9.3	14.2	11.9	15.7	10.1	15.7	12.6	17.3	11.7	13.0
22	8.2	7.8	12.6	17.2	10.2	14.7	13.0	18.4	12.9	12.5
23	8.7	8.3	10.5	17.3	10.1	14.3	14.2	18.2	12.3	11.9
24	11.4	8.2	10.6	17.4	9.4	12.8	13.4	15.2	11.9	10.3
25	11.0	8.3	10.6	13.8	9.4	11.1	13.0	13.5	11.9	10.1
26	11.0	7.4	11.6	12.8	8.7	10.3	12.9	12.5	11.2	9.5
27	11.0	8.0	10.5	12.3	9.4	9.7	11.5	9.7	11.4	11.0
28	11.4	7.8	11.2	9.7	9.8	9.5	9.3	9.0	10.0	10.4
29	11.0	8.0	11.2	9.1	10.3	9.8	8.8	9.9	9.8	11.2
30	9.9	14.4	12.4	8.4	12.1	9.5	8.6	10.1	10.1	11.0
31	11.2	15.3	13.5	9.5	11.8	11.3	8.7	10.1	10.2	10.9
32	11.8	15.6	13.1	10.4	11.5	12.8	9.0	9.9	11.2	11.0
33	12.4	15.7	13.6	11.0	11.1	12.6	8.5	9.7	10.0	9.7
34	12.2	15.3	11.8	11.7	12.0	12.8	8.2	10.1	10.5	11.2
35	12.4	14.8	11.8	12.2	13.4	13.1	7.7	9.2	10.4	17.9
36	10.8	11.3	10.6	12.2	12.8	12.6	8.9	12.4	9.6	18.6
37	9.4	11.6	11.0	11.5	13.4	11.4	8.1	13.8	8.9	20.6
38	9.0	14.6	12.1	11.2	15.1	11.6	8.2	13.8	7.3	20.7
39	8.9	15.6	13.6	11.4	14.5	15.3	8.2	14.6	6.7	20.7
40	10.7	16.7	17.1	10.6	14.8	15.6	8.3	15.1	8.5	14.7
41	10.9	15.2	17.5	9.6	12.4	15.4	8.1	15.4	9.2	15.2
42	13.9	15.0	17.0	8.7	12.7	15.6	7.6	12.8	9.8	14.3
43	14.2	15.0	18.2	8.7	12.0	16.0	9.9	14.3	9.9	14.4
44	16.1	11.2	19.4	8.6	11.8	14.2	10.0	14.2	10.2	14.9
45	16.4	11.7	17.8	9.4	12.0	9.9	10.9	13.0	8.5	14.8
46	15.5	10.9	16.4	11.7	12.0	9.5	13.3	13.0	7.4	13.9
47	15.2	10.6	16.3	12.5	13.5	14.6	13.5	14.0	8.3	11.4
48	12.3	10.2	15.8	12.4	13.3	14.6	14.5	14.6	11.0	12.7
49	12.1	9.9	13.5	13.3	15.7	17.7	15.6	12.5	11.4	12.7
50	10.7	10.9	12.7	14.5	19.9	18.1	17.2	13.7	13.9	13.0
51	12.7	10.9	14.5	41.1	38.6	18.8	18.2	14.5	15.8	13.8
52	13.3	15.2	15.6	46.1	40.9	29.1	18.2	17.4	18.4	16.7
53	16.1	24.7	24.3	49.6	43.3	33.4	30.9	17.0	18.2	19.2
54	17.9	32.7	30.5	62.3	51.6	34.2	33.7	16.5	24.3	19.2
55	27.0	35.5	44.2	64.9	51.7	34.0	34.1	16.8	30.7	20.2
56	31.0	42.0	44.1	65.2	51.6	35.2	36.8	24.2	36.9	20.2
57	30.1	46.0	44.3	53.5	42.6	37.0	35.3	25.5	44.0	23.8
58	42.9	44.3	42.3	52.5	43.8	26.9	35.5	26.0	44.5	28.5
59	54.1	44.0	43.0	51.5	43.2	24.5	22.8	29.0	46.7	29.0
60	54.0	38.4	34.1	36.1	31.9	24.5	22.9	32.4	47.1	29.0
61	52.9	38.9	26.9	33.3	29.9	25.1	30.4	33.1	43.7	32.3
62	52.8	37.7	27.0	34.7	30.5	23.7	28.5	27.1	33.3	43.5
63	53.3	33.5	25.6	37.7	37.3	28.3	35.1	34.2	30.3	38.0
64	44.2	34.6	30.1	40.4	35.5	30.7	34.8	41.8	37.7	43.5
65	30.1	46.2	37.5	54.7	43.2	30.8	36.0	41.2	33.4	48.3
66	29.8	57.1	44.4	59.7	44.8	41.8	35.1	39.9	32.2	47.5
67	26.5	52.6	49.7	59.0	46.3	41.6	50.4	41.4	37.0	39.1
68	22.4	54.2	51.8	58.5	51.4	47.6	53.5	48.1	36.5	36.5
69	37.3	54.7	53.1	56.5	46.3	46.4	56.1	35.9	31.4	37.3
70	38.5	56.6	47.7	52.5	51.6	46.7	56.1	34.0	35.8	31.6
71	36.9	39.9	42.2	42.0	46.4	45.0	58.0	46.7	40.2	44.0
72	38.2	29.8	54.2	39.8	49.0	38.9	59.0	48.0	42.2	61.3
73	38.6	29.8	53.6	40.3	53.1	36.5	47.0	46.2	46.1	62.9
74	38.0	35.2	62.3	44.1	53.4	29.9	38.9	49.4	53.3	61.4
75	22.3	38.3	64.7	43.2	49.5	26.2	37.4	49.5	48.7	62.1
76	25.8	34.7	64.5	41.8	42.9	23.5	41.8	50.9	45.6	63.5
77	26.3	34.3	62.6	36.6	40.3	24.7	33.8	43.0	46.0	42.1
78	26.6	32.6	44.8	29.3	36.3	22.9	30.0	43.0	38.6	43.2
79	29.3	30.4	40.8	34.2	27.9	22.2	28.3	42.4	28.5	52.9
80	35.1	24.8	15.0	29.4	10.9	21.0	28.4	39.0	24.2	54.6
81	35.3	24.0	12.0	31.9	9.8	19.7	29.7	43.9	24.0	51.6
82	33.0	25.1	11.8	31.5	9.3	17.1	25.6	39.7	25.0	51.1
83	32.8	25.1	11.4	31.4	4.2	13.2	24.7	44.7	11.9	48.8
84	31.1	25.3	13.5	31.0	2.9	4.7	24.2	46.5	10.5	57.6
85	29.0	22.7	12.1	21.7	2.8	2.9	24.2	43.2	10.6	48.1
86	23.0	13.6	11.3	18.7	2.7	2.9	15.1	41.5	10.6	41.9
87	22.2	14.2	9.7	4.8	2.6	2.5	9.5	36.0	9.5	41.0
88	18.1	12.1	9.9	4.9	2.5	2.7	3.2	32.1	5.8	39.3
89	16.8	11.2	9.2	7.1	3.6	3.0	3.4	18.6	6.0	14.8
90	17.3	10.6	5.0	7.4	3.6	2.9	4.1	8.2	6.0	4.6
91	12.7	7.5	4.3	7.7	4.1	2.6	4.6	8.0	5.5	4.8
92	8.7	6.2	4.1	8.4	5.0	2.7	4.6	7.9	7.2	6.2
93	8.4	5.5	4.6	9.4	5.2	4.5	4.9	7.7	7.3	6.5
94	8.3	5.3	4.1	9.7	5.5	5.9	5.6	4.6	7.1	7.2
95	8.3	5.5	5.0	9.0	5.4	6.9	5.8	5.7	8.0	7.4
96	4.0	6.1	5.1	8.9	5.9	7.6	6.2	6.3	8.0	7.4
97	3.0	6.7	5.9	8.7	5.8	8.3	6.2	5.9	7.2	6.7
98	3.0	7.3	6.7	8.8	8.8	9.7	6.6	5.6	7.3	7.2
99	3.6	10.6	6.6	11.0	8.9	11.3	9.1	7.8	7.8	6.6
100	3.8	10.4	6.5	10.7	8.9	11.0	8.7	8.3	7.3	6.2
101	5.2	10.3	9.3	10.8	11.5	10.7	8.6	8.8	8.1	6.5