	Gait FB - IOR 1.c3d	Gait FB - IOR 2.c3d	Gait FB - IOR 6.c3d	Gait FB - IOR 7.c3d	Gait FB - IOR 8.c3d
	Right Hip Power	Right Hip Power	Right Hip Power	Right Hip Power	Right Hip Power
	LINK_MODEL_BASED	LINK_MODEL_BASED	LINK_MODEL_BASED	LINK_MODEL_BASED	LINK_MODEL_BASED
	ORIGINAL	ORIGINAL	ORIGINAL	ORIGINAL	ORIGINAL
ITEM	X	X	X	X	X
1	0.5845	0.6963	0.7591	0.0408	0.1078
2	1.8721	1.3937	2.2328	1.4765	1.6773
3	0.4029	0.7708	0.7877	0.7459	0.6052
4	-0.2872	1.1422	0.0558	-0.1234	-0.3767
5	0.3524	1.1144	0.8400	0.6533	0.5645
6	0.2764	1.0143	0.6554	0.3621	0.9338
7	0.7214	1.3567	0.7714	0.4870	1.0222
8	0.9499	1.6497	0.9283	0.6951	1.0982
9	1.0077	1.8010	1.0589	0.8782	1.1309
10	0.8509	1.5849	1.0000	0.8395	0.9508
11	0.6013	1.1183	0.8046	0.6759	0.7593
12	0.4410	0.7148	0.5868	0.5098	0.6537
13	0.3956	0.5403	0.4719	0.3946	0.6202
14	0.4304	0.5618	0.4392	0.3708	0.6533
15	0.4783	0.6437	0.4287	0.4260	0.6886
16	0.4571	0.6597	0.4062	0.4559	0.6558
17	0.3811	0.6073	0.3732	0.4140	0.5644
18	0.3067	0.5458	0.3374	0.3356	0.4687
19	0.2535	0.4953	0.3051	0.2605	0.4011
20	0.2314	0.4676	0.2844	0.2094	0.3650
21	0.2294	0.4538	0.2755	0.1816	0.3530
22	0.2278	0.4361	0.2670	0.1682	0.3453
23	0.2206	0.4113	0.2494	0.1565	0.3280
24	0.2092	0.3702	0.2221	0.1433	0.2991
25	0.1950	0.3203	0.1916	0.1265	0.2620
26	0.1772	0.2741	0.1663	0.1081	0.2220
27	0.1546	0.2386	0.1494	0.0919	0.1863
28	0.1316	0.2151	0.1375	0.0808	0.1580
29	0.1122	0.2021	0.1283	0.0748	0.1393
30	0.0986	0.1936	0.1212	0.0723	0.1283
31	0.0902	0.1870	0.1156	0.0714	0.1220
32	0.0872	0.1805	0.1111	0.0706	0.1181
33	0.0894	0.1748	0.1071	0.0689	0.1139
34	0.0944	0.1683	0.1016	0.0659	0.1095
35	0.0996	0.1586	0.0964	0.0632	0.1031
36	0.1022	0.1481	0.0929	0.0595	0.0927
37	0.0990	0.1345	0.0907	0.0546	0.0812
38	0.0918	0.1135	0.0866	0.0514	0.0720
39	0.0778	0.0851	0.0777	0.0486	0.0619
40	0.0597	0.0542	0.0648	0.0431	0.0478
41	0.0408	0.0237	0.0501	0.0345	0.0299
42	0.0211	-0.0047	0.0356	0.0229	0.0116
43	-0.0004	-0.0285	0.0185	0.0074	-0.0037
44	-0.0235	-0.0451	-0.0003	-0.0094	-0.0174
45	-0.0550	-0.0627	-0.0223	-0.0269	-0.0354
46	-0.0970	-0.0898	-0.0504	-0.0502	-0.0536
47	-0.1468	-0.1323	-0.0848	-0.0800	-0.0655
48	-0.1940	-0.1920	-0.1190	-0.1116	-0.0723
49	-0.2359	-0.2675	-0.1556	-0.1392	-0.0776
50	-0.2776	-0.3097	-0.2009	-0.1632	-0.0885
51	-0.3151	-0.3562	-0.2515	-0.1848	-0.1113
52	-0.3251	-0.3713	-0.2698	-0.2029	-0.1528
53	-0.3241	-0.3621	-0.2753	-0.2058	-0.1669
54	-0.3095	-0.3103	-0.2652	-0.2120	-0.1636
55	-0.2629	-0.2101	-0.2275	-0.1957	-0.1344
56	-0.1809	-0.0523	-0.1533	-0.1633	-0.0673
57	-0.0362	0.1581	-0.0279	-0.0925	0.0328
58	0.1683	0.3489	0.1360	0.0241	0.1618
59	0.3959	0.4298	0.3014	0.1893	0.2740
60	0.5846	0.2249	0.3885	0.3551	0.2919
61	0.6004	0.2869	0.2071	0.4160	0.1238
62	0.5520	1.1102	0.2286	0.3063	0.1094
63	0.9660	0.9883	1.0594	0.6426	0.5491
64	0.9782	0.3805	1.0560	1.1946	0.6834
65	0.5106	-0.0850	0.4576	0.6408	0.2734
66	0.0691	-0.0034	-0.0030	0.1021	-0.1410
67	0.0463	0.0882	0.0275	0.0733	-0.0082
68	0.1518	0.1669	0.0951	0.1434	0.1087
69	0.2550	0.2105	0.1700	0.2220	0.1974
70	0.3136	0.2223	0.2247	0.2793	0.2450
71	0.3276	0.2075	0.2545	0.3111	0.2557
72	0.3072	0.1714	0.2591	0.3166	0.2368
73	0.2633	0.1216	0.2413	0.2954	0.2012
74	0.2061	0.0713	0.2055	0.2516	0.1636
75	0.1491	0.0336	0.1607	0.1987	0.1374
76	0.1059	0.0147	0.1167	0.1505	0.1246
77	0.0813	0.0138	0.0818	0.1159	0.1222
78	0.0731	0.0245	0.0594	0.0962	0.1244
79	0.0749	0.0409	0.0490	0.0873	0.1251
80	0.0805	0.0568	0.0475	0.0837	0.1213
81	0.0851	0.0676	0.0505	0.0802	0.1118
82	0.0866	0.0708	0.0536	0.0756	0.0969
83	0.0840	0.0658	0.0531	0.0691	0.0784
84	0.0766	0.0544	0.0477	0.0593	0.0583
85	0.0632	0.0396	0.0381	0.0441	0.0381
86	0.0443	0.0245	0.0263	0.0243	0.0192
87	0.0234	0.0116	0.0136	0.0062	0.0044
88	0.0065	0.0027	0.0025	-0.0028	-0.0030
89	0.0000	-0.0006	-0.0020	0.0012	-0.0001
90	0.0075	0.0027	0.0066	0.0169	0.0136
91	0.0293	0.0137	0.0330	0.0412	0.0380
92	0.0631	0.0358	0.0788	0.0728	0.0728
93	0.1055	0.0745	0.1418	0.1126	0.1173
94	0.1535	0.1363	0.2158	0.1615	0.1662
95	0.2053	0.2223	0.2913	0.2163	0.2081
96	0.2590	0.3221	0.3561	0.2639	0.2281
97	0.3059	0.4029	0.3953	0.2827	0.2130
98	0.3248	0.4136	0.3883	0.2507	0.1542
99	0.2910	0.3106	0.3155	0.1600	0.0536
100	0.1999	0.1037	0.1757	0.0318	-0.0701
101	0.0869	-0.1255	0.0029	-0.0791	-0.1728