	Gait FB - IOR 1.c3d	Gait FB - IOR 1.c3d	Gait FB - IOR 2.c3d	Gait FB - IOR 2.c3d	Gait FB - IOR 2.c3d	Gait FB - IOR 6.c3d	Gait FB - IOR 6.c3d	Gait FB - IOR 7.c3d	Gait FB - IOR 7.c3d	Gait FB - IOR 8.c3d	Gait FB - IOR 8.c3d	Static.c3d
	L_FCC	L_FCC	L_FCC	L_FCC	L_FCC	L_FCC	L_FCC	L_FCC	L_FCC	L_FCC	L_FCC	L_FCC
	TARGET	TARGET	TARGET	TARGET	TARGET	TARGET	TARGET	TARGET	TARGET	TARGET	TARGET	TARGET
	ORIGINAL	ORIGINAL	ORIGINAL	ORIGINAL	ORIGINAL	ORIGINAL	ORIGINAL	ORIGINAL	ORIGINAL	ORIGINAL	ORIGINAL	ORIGINAL
ITEM	Z	Z	Z	Z	Z	Z	Z	Z	Z	Z	Z	Z
1	0.0463	0.0390	0.0352	0.0369	0.0415	0.0376	0.0400	0.0413	0.0386	0.0354	0.0392	0.0443
2	0.0423	0.0369	0.0345	0.0361	0.0421	0.0359	0.0390	0.0416	0.0378	0.0349	0.0366	0.0443
3	0.0408	0.0372	0.0360	0.0373	0.0446	0.0367	0.0405	0.0442	0.0393	0.0371	0.0372	0.0443
4	0.0420	0.0398	0.0383	0.0400	0.0466	0.0393	0.0430	0.0462	0.0411	0.0391	0.0402	0.0443
5	0.0446	0.0415	0.0397	0.0416	0.0478	0.0411	0.0444	0.0473	0.0423	0.0402	0.0421	0.0443
6	0.0462	0.0426	0.0406	0.0422	0.0485	0.0421	0.0452	0.0478	0.0429	0.0409	0.0430	0.0443
7	0.0472	0.0433	0.0411	0.0427	0.0487	0.0427	0.0456	0.0478	0.0431	0.0410	0.0433	0.0443
8	0.0476	0.0435	0.0412	0.0427	0.0488	0.0427	0.0456	0.0478	0.0431	0.0410	0.0431	0.0443
9	0.0477	0.0437	0.0413	0.0430	0.0490	0.0427	0.0457	0.0479	0.0432	0.0411	0.0429	0.0443
10	0.0477	0.0438	0.0414	0.0435	0.0491	0.0427	0.0458	0.0480	0.0433	0.0411	0.0429	0.0443
11	0.0479	0.0439	0.0415	0.0437	0.0492	0.0429	0.0460	0.0481	0.0434	0.0413	0.0430	0.0443
12	0.0481	0.0438	0.0416	0.0440	0.0494	0.0431	0.0461	0.0484	0.0435	0.0415	0.0432	0.0443
13	0.0482	0.0438	0.0418	0.0443	0.0495	0.0433	0.0462	0.0485	0.0436	0.0416	0.0434	0.0443
14	0.0484	0.0438	0.0419	0.0445	0.0496	0.0435	0.0464	0.0487	0.0437	0.0418	0.0436	0.0443
15	0.0486	0.0439	0.0421	0.0446	0.0498	0.0437	0.0465	0.0488	0.0438	0.0419	0.0438	0.0443
16	0.0487	0.0440	0.0423	0.0447	0.0499	0.0439	0.0466	0.0489	0.0439	0.0420	0.0439	0.0443
17	0.0489	0.0441	0.0424	0.0448	0.0500	0.0441	0.0468	0.0490	0.0440	0.0421	0.0442	0.0443
18	0.0491	0.0444	0.0425	0.0448	0.0502	0.0443	0.0470	0.0491	0.0441	0.0422	0.0443	0.0443
19	0.0493	0.0446	0.0427	0.0449	0.0503	0.0444	0.0472	0.0492	0.0442	0.0422	0.0445	0.0443
20	0.0494	0.0449	0.0428	0.0450	0.0505	0.0446	0.0474	0.0493	0.0444	0.0423	0.0446	0.0443
21	0.0496	0.0453	0.0429	0.0451	0.0506	0.0449	0.0476	0.0494	0.0445	0.0424	0.0447	0.0443
22	0.0498	0.0455	0.0430	0.0453	0.0507	0.0451	0.0478	0.0496	0.0446	0.0424	0.0448	0.0443
23	0.0501	0.0458	0.0433	0.0454	0.0508	0.0456	0.0479	0.0497	0.0448	0.0426	0.0449	0.0443
24	0.0503	0.0460	0.0435	0.0457	0.0509	0.0458	0.0480	0.0499	0.0451	0.0428	0.0450	0.0443
25	0.0506	0.0462	0.0438	0.0459	0.0510	0.0460	0.0482	0.0500	0.0454	0.0431	0.0451	0.0443
26	0.0508	0.0465	0.0439	0.0461	0.0512	0.0462	0.0484	0.0502	0.0456	0.0434	0.0453	0.0443
27	0.0510	0.0468	0.0441	0.0464	0.0514	0.0464	0.0487	0.0504	0.0458	0.0435	0.0455	0.0443
28	0.0512	0.0470	0.0443	0.0466	0.0516	0.0466	0.0490	0.0505	0.0460	0.0437	0.0457	0.0443
29	0.0514	0.0473	0.0445	0.0468	0.0519	0.0469	0.0492	0.0507	0.0462	0.0439	0.0459	0.0443
30	0.0516	0.0476	0.0448	0.0471	0.0522	0.0472	0.0495	0.0509	0.0464	0.0441	0.0461	0.0443
31	0.0519	0.0478	0.0451	0.0474	0.0524	0.0476	0.0498	0.0511	0.0467	0.0443	0.0463	0.0443
32	0.0522	0.0480	0.0453	0.0477	0.0525	0.0479	0.0501	0.0514	0.0469	0.0445	0.0464	0.0443
33	0.0524	0.0480	0.0455	0.0480	0.0527	0.0482	0.0504	0.0516	0.0472	0.0447	0.0467	0.0443
34	0.0527	0.0479	0.0458	0.0483	0.0529	0.0486	0.0506	0.0519	0.0474	0.0450	0.0469	0.0443
35	0.0531	0.0480	0.0461	0.0486	0.0531	0.0490	0.0510	0.0521	0.0477	0.0452	0.0472	0.0443
36	0.0534	0.0481	0.0464	0.0489	0.0533	0.0494	0.0513	0.0524	0.0480	0.0454	0.0474	0.0443
37	0.0538	0.0485	0.0467	0.0494	0.0536	0.0499	0.0517	0.0527	0.0482	0.0457	0.0477	0.0443
38	0.0542	0.0489	0.0471	0.0499	0.0539	0.0505	0.0522	0.0530	0.0486	0.0460	0.0480	0.0443
39	0.0546	0.0494	0.0475	0.0506	0.0544	0.0511	0.0527	0.0534	0.0491	0.0464	0.0483	0.0443
40	0.0551	0.0500	0.0481	0.0514	0.0551	0.0519	0.0533	0.0539	0.0496	0.0469	0.0488	0.0443
41	0.0557	0.0507	0.0489	0.0524	0.0558	0.0528	0.0540	0.0545	0.0503	0.0475	0.0494	0.0443
42	0.0566	0.0518	0.0498	0.0537	0.0568	0.0539	0.0548	0.0553	0.0510	0.0482	0.0502	0.0443
43	0.0576	0.0529	0.0508	0.0551	0.0580	0.0554	0.0559	0.0564	0.0522	0.0491	0.0513	0.0443
44	0.0589	0.0543	0.0522	0.0568	0.0594	0.0572	0.0573	0.0578	0.0536	0.0503	0.0525	0.0443
45	0.0604	0.0558	0.0537	0.0589	0.0614	0.0596	0.0591	0.0596	0.0552	0.0518	0.0542	0.0443
46	0.0623	0.0575	0.0558	0.0615	0.0639	0.0627	0.0613	0.0621	0.0572	0.0538	0.0563	0.0443
47	0.0648	0.0597	0.0582	0.0646	0.0672	0.0664	0.0641	0.0653	0.0595	0.0563	0.0588	0.0443
48	0.0678	0.0625	0.0612	0.0682	0.0712	0.0709	0.0676	0.0693	0.0627	0.0596	0.0619	0.0443
49	0.0714	0.0658	0.0649	0.0725	0.0758	0.0761	0.0718	0.0740	0.0668	0.0636	0.0656	0.0443
50	0.0757	0.0698	0.0691	0.0775	0.0813	0.0821	0.0768	0.0795	0.0719	0.0684	0.0699	0.0443
51	0.0807	0.0744	0.0740	0.0831	0.0876	0.0888	0.0827	0.0857	0.0777	0.0739	0.0748	0.0443
52	0.0865	0.0797	0.0796	0.0895	0.0947	0.0963	0.0894	0.0925	0.0844	0.0803	0.0803	0.0443
53	0.0928	0.0857	0.0861	0.0966	0.1025	0.1045	0.0968	0.1001	0.0917	0.0874	0.0865	0.0443
54	0.1000	0.0926	0.0934	0.1044	0.1110	0.1133	0.1049	0.1082	0.0996	0.0953	0.0935	0.0443
55	0.1075	0.1002	0.1014	0.1130	0.1202	0.1229	0.1138	0.1174	0.1084	0.1040	0.1013	0.0443
56	0.1159	0.1085	0.1104	0.1224	0.1300	0.1332	0.1233	0.1274	0.1181	0.1135	0.1100	0.0443
57	0.1246	0.1177	0.1203	0.1326	0.1406	0.1444	0.1338	0.1383	0.1288	0.1238	0.1198	0.0443
58	0.1343	0.1277	0.1313	0.1437	0.1525	0.1562	0.1451	0.1500	0.1406	0.1350	0.1306	0.0443
59	0.1449	0.1385	0.1433	0.1554	0.1644	0.1682	0.1573	0.1624	0.1531	0.1472	0.1425	0.0443
60	0.1563	0.1502	0.1560	0.1675	0.1763	0.1804	0.1699	0.1747	0.1661	0.1601	0.1551	0.0443
61	0.1684	0.1625	0.1691	0.1795	0.1881	0.1932	0.1825	0.1870	0.1789	0.1729	0.1681	0.0443
62	0.1807	0.1747	0.1822	0.1919	0.1997	0.2069	0.1955	0.1995	0.1917	0.1861	0.1810	0.0443
63	0.1934	0.1872	0.1959	0.2053	0.2124	0.2210	0.2092	0.2127	0.2051	0.1998	0.1947	0.0443
64	0.2071	0.2000	0.2100	0.2192	0.2253	0.2344	0.2234	0.2262	0.2187	0.2139	0.2091	0.0443
65	0.2213	0.2136	0.2246	0.2329	0.2378	0.2457	0.2371	0.2389	0.2322	0.2280	0.2237	0.0443
66	0.2356	0.2273	0.2384	0.2447	0.2484	0.2545	0.2488	0.2495	0.2441	0.2404	0.2373	0.0443
67	0.2483	0.2397	0.2502	0.2543	0.2567	0.2611	0.2582	0.2579	0.2536	0.2504	0.2486	0.0443
68	0.2588	0.2499	0.2598	0.2613	0.2627	0.2655	0.2652	0.2640	0.2607	0.2578	0.2573	0.0443
69	0.2667	0.2576	0.2670	0.2660	0.2663	0.2679	0.2699	0.2681	0.2654	0.2628	0.2633	0.0443
70	0.2723	0.2628	0.2720	0.2686	0.2680	0.2687	0.2728	0.2703	0.2679	0.2655	0.2668	0.0443
71	0.2757	0.2659	0.2747	0.2693	0.2677	0.2675	0.2739	0.2708	0.2683	0.2663	0.2680	0.0443
72	0.2770	0.2670	0.2751	0.2680	0.2655	0.2648	0.2733	0.2693	0.2667	0.2651	0.2671	0.0443
73	0.2765	0.2662	0.2732	0.2648	0.2616	0.2602	0.2710	0.2659	0.2630	0.2620	0.2641	0.0443
74	0.2739	0.2636	0.2691	0.2597	0.2558	0.2537	0.2669	0.2602	0.2574	0.2569	0.2591	0.0443
75	0.2694	0.2590	0.2628	0.2529	0.2483	0.2453	0.2611	0.2523	0.2498	0.2497	0.2520	0.0443
76	0.2628	0.2524	0.2543	0.2443	0.2389	0.2348	0.2532	0.2419	0.2402	0.2404	0.2428	0.0443
77	0.2540	0.2438	0.2438	0.2338	0.2276	0.2224	0.2432	0.2294	0.2287	0.2292	0.2316	0.0443
78	0.2431	0.2333	0.2313	0.2216	0.2148	0.2084	0.2310	0.2147	0.2153	0.2160	0.2184	0.0443
79	0.2301	0.2209	0.2175	0.2078	0.2004	0.1929	0.2168	0.1984	0.2004	0.2017	0.2035	0.0443
80	0.2153	0.2069	0.2025	0.1927	0.1850	0.1764	0.2009	0.1807	0.1842	0.1856	0.1872	0.0443
81	0.1987	0.1917	0.1858	0.1767	0.1690	0.1592	0.1836	0.1621	0.1669	0.1687	0.1702	0.0443
82	0.1810	0.1754	0.1685	0.1601	0.1523	0.1419	0.1654	0.1434	0.1492	0.1513	0.1525	0.0443
83	0.1625	0.1584	0.1503	0.1432	0.1354	0.1249	0.1468	0.1250	0.1315	0.1337	0.1347	0.0443
84	0.1439	0.1410	0.1325	0.1264	0.1189	0.1087	0.1283	0.1072	0.1146	0.1168	0.1173	0.0443
85	0.1258	0.1238	0.1155	0.1103	0.1031	0.0936	0.1106	0.0908	0.0985	0.1008	0.1011	0.0443
86	0.1085	0.1071	0.0995	0.0954	0.0888	0.0801	0.0943	0.0764	0.0839	0.0863	0.0868	0.0443
87	0.0925	0.0919	0.0849	0.0822	0.0763	0.0688	0.0800	0.0646	0.0712	0.0737	0.0748	0.0443
88	0.0785	0.0782	0.0725	0.0710	0.0659	0.0597	0.0682	0.0559	0.0610	0.0637	0.0656	0.0443
89	0.0668	0.0665	0.0624	0.0622	0.0582	0.0532	0.0591	0.0500	0.0537	0.0565	0.0595	0.0443
90	0.0576	0.0572	0.0550	0.0559	0.0532	0.0494	0.0531	0.0469	0.0494	0.0525	0.0565	0.0443
91	0.0517	0.0507	0.0501	0.0521	0.0507	0.0483	0.0501	0.0462	0.0478	0.0515	0.0564	0.0443
92	0.0487	0.0470	0.0477	0.0506	0.0508	0.0498	0.0499	0.0471	0.0489	0.0529	0.0587	0.0443
93	0.0482	0.0463	0.0474	0.0511	0.0525	0.0528	0.0521	0.0492	0.0514	0.0562	0.0622	0.0443
94	0.0494	0.0476	0.0484	0.0527	0.0551	0.0563	0.0554	0.0518	0.0544	0.0599	0.0655	0.0443
95	0.0514	0.0501	0.0500	0.0545	0.0573	0.0591	0.0586	0.0538	0.0564	0.0627	0.0672	0.0443
96	0.0533	0.0522	0.0512	0.0552	0.0582	0.0601	0.0605	0.0548	0.0566	0.0635	0.0664	0.0443
97	0.0542	0.0531	0.0511	0.0542	0.0572	0.0588	0.0604	0.0540	0.0547	0.0618	0.0633	0.0443
98	0.0530	0.0520	0.0490	0.0513	0.0542	0.0551	0.0580	0.0514	0.0509	0.0577	0.0580	0.0443
99	0.0495	0.0488	0.0452	0.0468	0.0494	0.0496	0.0539	0.0470	0.0453	0.0519	0.0513	0.0443
100	0.0439	0.0440	0.0402	0.0430	0.0443	0.0437	0.0482	0.0418	0.0395	0.0448	0.0453	0.0443
101	0.0390	0.0386	0.0369	0.0415	0.0413	0.0400	0.0432	0.0386	0.0361	0.0392	0.0426	0.0443