	Gait LB - IOR 5.c3d	Gait LB - IOR 7.c3d	Gait LB - IOR 7.c3d	Gait LB - IOR 8.c3d	Gait LB - IOR 8.c3d	Static.c3d
	Left Knee Angles	Left Knee Angles	Left Knee Angles	Left Knee Angles	Left Knee Angles	Left Knee Angles
	LINK_MODEL_BASED	LINK_MODEL_BASED	LINK_MODEL_BASED	LINK_MODEL_BASED	LINK_MODEL_BASED	LINK_MODEL_BASED
	ORIGINAL	ORIGINAL	ORIGINAL	ORIGINAL	ORIGINAL	ORIGINAL
ITEM	Z	Z	Z	Z	Z	Z
1	-11.29	-11.30	-12.80	-10.73	-13.10	-12.21
2	-11.18	-11.13	-12.30	-10.36	-12.76	-12.21
3	-11.25	-11.04	-11.90	-10.14	-12.45	-12.21
4	-11.42	-11.00	-11.61	-10.07	-12.18	-12.21
5	-11.59	-11.00	-11.39	-10.12	-11.95	-12.21
6	-11.69	-11.00	-11.20	-10.24	-11.74	-12.21
7	-11.68	-11.00	-11.02	-10.39	-11.53	-12.21
8	-11.58	-11.03	-10.86	-10.55	-11.33	-12.21
9	-11.46	-11.12	-10.75	-10.72	-11.16	-12.21
10	-11.39	-11.27	-10.72	-10.92	-11.05	-12.21
11	-11.45	-11.51	-10.78	-11.15	-11.03	-12.21
12	-11.64	-11.82	-10.93	-11.43	-11.11	-12.21
13	-11.97	-12.19	-11.16	-11.74	-11.28	-12.21
14	-12.39	-12.56	-11.42	-12.04	-11.51	-12.21
15	-12.85	-12.91	-11.69	-12.30	-11.78	-12.21
16	-13.29	-13.19	-11.94	-12.49	-12.05	-12.21
17	-13.67	-13.39	-12.14	-12.62	-12.30	-12.21
18	-13.95	-13.49	-12.30	-12.69	-12.51	-12.21
19	-14.14	-13.52	-12.42	-12.73	-12.68	-12.21
20	-14.25	-13.49	-12.52	-12.78	-12.79	-12.21
21	-14.29	-13.43	-12.60	-12.85	-12.85	-12.21
22	-14.29	-13.35	-12.67	-12.93	-12.87	-12.21
23	-14.24	-13.28	-12.72	-13.00	-12.85	-12.21
24	-14.17	-13.21	-12.74	-13.05	-12.80	-12.21
25	-14.08	-13.15	-12.72	-13.06	-12.72	-12.21
26	-13.99	-13.09	-12.65	-13.03	-12.63	-12.21
27	-13.90	-13.04	-12.54	-12.95	-12.52	-12.21
28	-13.84	-12.99	-12.41	-12.85	-12.41	-12.21
29	-13.80	-12.94	-12.26	-12.73	-12.30	-12.21
30	-13.79	-12.88	-12.11	-12.58	-12.18	-12.21
31	-13.79	-12.80	-11.97	-12.42	-12.07	-12.21
32	-13.79	-12.70	-11.83	-12.25	-11.97	-12.21
33	-13.76	-12.57	-11.71	-12.05	-11.88	-12.21
34	-13.68	-12.42	-11.59	-11.84	-11.79	-12.21
35	-13.56	-12.26	-11.48	-11.62	-11.72	-12.21
36	-13.39	-12.07	-11.37	-11.39	-11.65	-12.21
37	-13.17	-11.87	-11.26	-11.16	-11.57	-12.21
38	-12.91	-11.65	-11.13	-10.92	-11.48	-12.21
39	-12.62	-11.41	-10.97	-10.68	-11.35	-12.21
40	-12.31	-11.14	-10.77	-10.42	-11.18	-12.21
41	-11.99	-10.84	-10.53	-10.14	-10.96	-12.21
42	-11.64	-10.51	-10.25	-9.82	-10.68	-12.21
43	-11.27	-10.13	-9.92	-9.47	-10.36	-12.21
44	-10.88	-9.71	-9.55	-9.08	-10.00	-12.21
45	-10.48	-9.28	-9.16	-8.68	-9.62	-12.21
46	-10.08	-8.84	-8.75	-8.27	-9.24	-12.21
47	-9.72	-8.43	-8.35	-7.89	-8.88	-12.22
48	-9.42	-8.09	-7.96	-7.57	-8.58	-12.22
49	-9.22	-7.84	-7.62	-7.36	-8.35	-12.22
50	-9.16	-7.74	-7.36	-7.28	-8.24	-12.22
51	-9.25	-7.80	-7.19	-7.36	-8.25	-12.22
52	-9.50	-8.05	-7.18	-7.63	-8.40	-12.22
53	-9.92	-8.50	-7.33	-8.08	-8.70	-12.22
54	-10.45	-9.11	-7.68	-8.67	-9.13	-12.22
55	-11.05	-9.85	-8.24	-9.34	-9.65	-12.22
56	-11.62	-10.64	-8.96	-10.01	-10.19	-12.22
57	-12.09	-11.39	-9.78	-10.59	-10.70	-12.22
58	-12.39	-12.03	-10.62	-11.00	-11.10	-12.22
59	-12.52	-12.48	-11.39	-11.20	-11.35	-12.22
60	-12.54	-12.77	-12.02	-11.24	-11.48	-12.22
61	-12.55	-12.94	-12.54	-11.19	-11.55	-12.22
62	-12.67	-13.07	-12.99	-11.16	-11.69	-12.22
63	-13.02	-13.28	-13.47	-11.29	-12.01	-12.22
64	-13.66	-13.64	-14.08	-11.66	-12.58	-12.22
65	-14.59	-14.21	-14.89	-12.29	-13.44	-12.22
66	-15.73	-15.00	-15.89	-13.19	-14.53	-12.22
67	-16.99	-15.97	-17.05	-14.28	-15.80	-12.22
68	-18.26	-17.07	-18.30	-15.49	-17.12	-12.22
69	-19.42	-18.24	-19.53	-16.74	-18.41	-12.22
70	-20.42	-19.39	-20.66	-17.93	-19.57	-12.22
71	-21.23	-20.46	-21.62	-19.03	-20.54	-12.22
72	-21.85	-21.39	-22.34	-19.97	-21.30	-12.22
73	-22.31	-22.15	-22.81	-20.75	-21.83	-12.22
74	-22.64	-22.71	-23.04	-21.38	-22.18	-12.22
75	-22.89	-23.07	-23.07	-21.86	-22.39	-12.22
76	-23.08	-23.24	-22.97	-22.23	-22.50	-12.22
77	-23.25	-23.25	-22.80	-22.50	-22.58	-12.22
78	-23.40	-23.14	-22.64	-22.72	-22.66	-12.22
79	-23.55	-22.95	-22.57	-22.90	-22.77	-12.22
80	-23.67	-22.71	-22.63	-23.06	-22.92	-12.22
81	-23.76	-22.45	-22.82	-23.20	-23.09	-12.22
82	-23.79	-22.20	-23.12	-23.28	-23.25	-12.22
83	-23.74	-21.95	-23.45	-23.29	-23.36	-12.22
84	-23.57	-21.70	-23.75	-23.20	-23.38	-12.22
85	-23.27	-21.44	-23.92	-22.97	-23.28	-12.22
86	-22.81	-21.14	-23.90	-22.58	-23.03	-12.22
87	-22.17	-20.79	-23.63	-22.02	-22.61	-12.22
88	-21.36	-20.35	-23.08	-21.29	-22.01	-12.22
89	-20.40	-19.84	-22.25	-20.40	-21.24	-12.22
90	-19.36	-19.24	-21.16	-19.41	-20.30	-12.22
91	-18.32	-18.58	-19.89	-18.36	-19.24	-12.22
92	-17.37	-17.90	-18.55	-17.35	-18.12	-12.22
93	-16.54	-17.23	-17.25	-16.44	-17.02	-12.22
94	-15.85	-16.60	-16.08	-15.69	-16.01	-12.22
95	-15.26	-16.04	-15.09	-15.11	-15.12	-12.22
96	-14.73	-15.52	-14.27	-14.69	-14.37	-12.22
97	-14.24	-15.01	-13.57	-14.36	-13.71	-12.22
98	-13.77	-14.48	-12.97	-14.07	-13.10	-12.22
99	-13.34	-13.92	-12.43	-13.77	-12.52	-12.22
100	-13.00	-13.35	-11.97	-13.44	-11.95	-12.22
101	-12.77	-12.80	-11.61	-13.10	-11.44	-12.22