	Gait FB - IOR 1.c3d	Gait FB - IOR 1.c3d	Gait FB - IOR 2.c3d	Gait FB - IOR 2.c3d	Gait FB - IOR 2.c3d	Gait FB - IOR 6.c3d	Gait FB - IOR 6.c3d	Gait FB - IOR 7.c3d	Gait FB - IOR 7.c3d	Gait FB - IOR 8.c3d	Gait FB - IOR 8.c3d	Static.c3d
	Left Thorax Angles	Left Thorax Angles	Left Thorax Angles	Left Thorax Angles	Left Thorax Angles	Left Thorax Angles	Left Thorax Angles	Left Thorax Angles	Left Thorax Angles	Left Thorax Angles	Left Thorax Angles	Left Thorax Angles
	LINK_MODEL_BASED	LINK_MODEL_BASED	LINK_MODEL_BASED	LINK_MODEL_BASED	LINK_MODEL_BASED	LINK_MODEL_BASED	LINK_MODEL_BASED	LINK_MODEL_BASED	LINK_MODEL_BASED	LINK_MODEL_BASED	LINK_MODEL_BASED	LINK_MODEL_BASED
	ORIGINAL	ORIGINAL	ORIGINAL	ORIGINAL	ORIGINAL	ORIGINAL	ORIGINAL	ORIGINAL	ORIGINAL	ORIGINAL	ORIGINAL	ORIGINAL
ITEM	Y	Y	Y	Y	Y	Y	Y	Y	Y	Y	Y	Y
1	-4.0	-4.2	-2.1	-1.4	-4.1	-4.1	-3.1	-4.6	-2.3	-4.5	-4.3	-1.1
2	-4.5	-4.7	-2.6	-2.0	-4.6	-4.7	-3.7	-5.3	-2.8	-5.3	-5.0	-1.1
3	-5.1	-5.3	-3.3	-2.7	-5.4	-5.5	-4.3	-6.2	-3.5	-6.1	-5.6	-1.1
4	-5.7	-6.0	-4.2	-3.6	-6.3	-6.3	-5.1	-7.2	-4.4	-7.1	-6.4	-1.1
5	-6.5	-6.9	-5.2	-4.6	-7.3	-7.3	-6.1	-8.4	-5.5	-8.2	-7.3	-1.1
6	-7.5	-7.9	-6.4	-5.8	-8.5	-8.4	-7.3	-9.8	-6.8	-9.4	-8.5	-1.1
7	-8.6	-9.1	-7.5	-7.1	-9.7	-9.6	-8.5	-11.1	-8.3	-10.6	-9.7	-1.1
8	-9.7	-10.2	-8.7	-8.4	-10.8	-10.7	-9.8	-12.2	-9.7	-11.8	-11.0	-1.1
9	-10.7	-11.2	-9.6	-9.7	-11.7	-11.7	-11.1	-13.2	-11.1	-12.8	-12.3	-1.1
10	-11.6	-12.1	-10.4	-10.7	-12.3	-12.5	-12.1	-13.8	-12.2	-13.6	-13.3	-1.1
11	-12.2	-12.7	-10.8	-11.4	-12.6	-13.0	-12.9	-14.1	-12.9	-14.1	-14.0	-1.1
12	-12.5	-13.0	-11.0	-11.7	-12.7	-13.3	-13.4	-14.1	-13.4	-14.3	-14.4	-1.1
13	-12.5	-13.1	-11.0	-11.8	-12.5	-13.4	-13.6	-14.0	-13.6	-14.3	-14.6	-1.1
14	-12.4	-13.0	-10.9	-11.7	-12.2	-13.3	-13.6	-13.7	-13.6	-14.1	-14.6	-1.1
15	-12.1	-12.7	-10.7	-11.4	-11.8	-13.0	-13.4	-13.4	-13.5	-13.8	-14.4	-1.1
16	-11.8	-12.4	-10.5	-11.1	-11.4	-12.7	-13.2	-13.1	-13.3	-13.5	-14.1	-1.1
17	-11.5	-12.0	-10.2	-10.7	-10.9	-12.4	-12.9	-12.8	-13.1	-13.1	-13.8	-1.1
18	-11.1	-11.6	-10.0	-10.2	-10.4	-11.9	-12.6	-12.5	-12.8	-12.7	-13.4	-1.1
19	-10.8	-11.1	-9.7	-9.8	-9.8	-11.5	-12.2	-12.1	-12.5	-12.2	-13.0	-1.1
20	-10.4	-10.7	-9.3	-9.3	-9.3	-11.0	-11.8	-11.7	-12.1	-11.8	-12.7	-1.1
21	-10.0	-10.2	-9.0	-8.8	-8.7	-10.4	-11.4	-11.3	-11.7	-11.3	-12.3	-1.0
22	-9.6	-9.7	-8.6	-8.3	-8.1	-9.8	-10.9	-10.8	-11.2	-10.8	-11.8	-1.0
23	-9.1	-9.1	-8.2	-7.7	-7.5	-9.2	-10.4	-10.3	-10.6	-10.4	-11.4	-1.0
24	-8.6	-8.5	-7.7	-7.1	-6.9	-8.6	-9.8	-9.7	-10.0	-9.9	-11.0	-1.0
25	-8.1	-8.0	-7.3	-6.5	-6.3	-8.0	-9.3	-9.1	-9.4	-9.5	-10.6	-1.0
26	-7.7	-7.4	-6.8	-5.9	-5.7	-7.4	-8.7	-8.5	-8.7	-9.0	-10.2	-1.0
27	-7.2	-6.8	-6.3	-5.4	-5.2	-6.8	-8.1	-7.9	-8.1	-8.6	-9.8	-1.0
28	-6.7	-6.3	-5.9	-4.9	-4.7	-6.2	-7.6	-7.4	-7.4	-8.2	-9.4	-1.0
29	-6.3	-5.7	-5.5	-4.4	-4.3	-5.7	-7.1	-6.8	-6.8	-7.7	-9.0	-1.0
30	-5.9	-5.2	-5.1	-4.0	-3.9	-5.2	-6.6	-6.4	-6.2	-7.3	-8.7	-1.0
31	-5.6	-4.8	-4.7	-3.6	-3.5	-4.8	-6.2	-6.0	-5.7	-6.9	-8.4	-1.0
32	-5.3	-4.3	-4.3	-3.3	-3.3	-4.5	-5.8	-5.6	-5.2	-6.6	-8.1	-1.0
33	-5.0	-3.9	-4.0	-3.0	-3.1	-4.3	-5.5	-5.3	-4.8	-6.3	-7.9	-1.0
34	-4.9	-3.6	-3.7	-2.7	-3.0	-4.1	-5.2	-5.2	-4.4	-6.0	-7.8	-1.0
35	-4.8	-3.3	-3.5	-2.4	-3.0	-4.1	-5.0	-5.0	-4.2	-5.9	-7.7	-1.0
36	-4.7	-3.1	-3.3	-2.2	-3.0	-4.2	-5.0	-5.0	-4.0	-5.8	-7.8	-1.0
37	-4.7	-2.9	-3.2	-2.1	-3.1	-4.3	-5.0	-5.0	-3.8	-5.7	-7.8	-1.0
38	-4.8	-2.8	-3.1	-2.0	-3.2	-4.5	-5.0	-5.1	-3.8	-5.7	-7.9	-1.0
39	-4.9	-2.8	-3.1	-2.0	-3.4	-4.7	-5.1	-5.1	-3.8	-5.8	-8.0	-1.0
40	-5.0	-2.8	-3.2	-2.0	-3.5	-5.0	-5.3	-5.2	-3.8	-5.8	-8.0	-1.0
41	-5.2	-2.9	-3.3	-2.1	-3.6	-5.2	-5.4	-5.2	-3.9	-5.9	-8.0	-1.0
42	-5.3	-3.0	-3.4	-2.2	-3.7	-5.3	-5.6	-5.2	-3.9	-5.9	-7.8	-1.0
43	-5.3	-3.2	-3.4	-2.3	-3.7	-5.4	-5.7	-5.2	-3.9	-5.8	-7.5	-1.0
44	-5.3	-3.3	-3.4	-2.4	-3.6	-5.3	-5.7	-5.0	-3.8	-5.6	-7.0	-1.0
45	-5.1	-3.4	-3.4	-2.4	-3.5	-5.2	-5.6	-4.8	-3.7	-5.3	-6.5	-1.0
46	-4.9	-3.4	-3.2	-2.4	-3.4	-4.9	-5.4	-4.5	-3.5	-4.9	-5.8	-1.0
47	-4.5	-3.3	-3.0	-2.2	-3.2	-4.5	-5.1	-4.2	-3.2	-4.4	-5.2	-1.0
48	-4.1	-3.1	-2.7	-2.0	-3.0	-4.1	-4.8	-4.0	-2.9	-4.0	-4.6	-1.0
49	-3.7	-2.9	-2.3	-1.7	-2.8	-3.7	-4.4	-3.8	-2.6	-3.5	-4.1	-1.0
50	-3.2	-2.6	-1.8	-1.4	-2.7	-3.2	-3.9	-3.6	-2.3	-3.0	-3.6	-1.0
51	-2.8	-2.2	-1.3	-0.9	-2.5	-2.7	-3.5	-3.3	-2.0	-2.6	-3.3	-1.0
52	-2.5	-1.9	-0.7	-0.4	-2.3	-2.3	-3.1	-3.0	-1.7	-2.2	-2.8	-1.0
53	-2.1	-1.6	0.0	0.2	-2.0	-1.7	-2.5	-2.5	-1.4	-1.7	-2.3	-1.0
54	-1.7	-1.1	0.9	1.0	-1.6	-1.0	-1.8	-1.7	-1.0	-1.0	-1.7	-1.0
55	-1.1	-0.6	1.9	2.0	-0.9	-0.2	-1.0	-0.8	-0.4	-0.2	-0.8	-1.0
56	-0.3	0.2	3.1	3.0	-0.1	0.7	-0.0	0.4	0.4	0.8	0.2	-1.0
57	0.7	1.1	4.4	4.1	0.9	1.7	1.1	1.6	1.4	1.9	1.3	-1.0
58	1.9	2.1	5.7	5.1	2.0	2.7	2.2	2.7	2.5	3.2	2.4	-1.0
59	3.1	3.2	6.9	5.9	3.2	3.6	3.2	3.7	3.6	4.3	3.3	-1.0
60	4.2	4.2	7.9	6.4	4.3	4.3	4.0	4.4	4.7	5.3	4.0	-1.0
61	5.1	5.1	8.6	6.6	5.2	4.8	4.6	4.9	5.5	6.1	4.4	-1.0
62	5.8	5.9	9.1	6.6	5.8	5.2	5.0	5.2	6.1	6.6	4.5	-1.0
63	6.2	6.3	9.3	6.5	6.2	5.3	5.1	5.3	6.5	6.9	4.5	-1.0
64	6.4	6.6	9.3	6.2	6.3	5.4	5.2	5.2	6.7	7.1	4.4	-1.0
65	6.4	6.6	9.2	5.9	6.1	5.4	5.1	5.2	6.7	7.1	4.2	-1.0
66	6.2	6.5	8.9	5.6	5.8	5.3	4.9	5.1	6.5	7.0	4.0	-1.0
67	6.0	6.3	8.6	5.2	5.5	5.2	4.8	5.0	6.4	6.8	3.9	-1.0
68	5.8	6.1	8.3	4.9	5.1	5.0	4.6	4.9	6.1	6.7	3.8	-1.0
69	5.6	5.8	7.9	4.5	4.6	4.8	4.4	4.8	5.9	6.5	3.7	-1.0
70	5.4	5.5	7.6	4.2	4.2	4.6	4.3	4.7	5.7	6.3	3.7	-1.0
71	5.1	5.2	7.2	3.8	3.7	4.3	4.1	4.5	5.4	6.1	3.5	-1.0
72	4.8	4.9	6.9	3.5	3.3	4.0	3.8	4.2	5.2	5.8	3.4	-1.0
73	4.4	4.5	6.5	3.1	2.8	3.6	3.6	3.9	4.9	5.4	3.2	-1.0
74	4.0	4.1	6.1	2.6	2.4	3.3	3.4	3.6	4.6	5.0	2.9	-1.0
75	3.5	3.6	5.7	2.2	2.0	2.9	3.2	3.2	4.3	4.6	2.7	-1.0
76	3.1	3.1	5.3	1.7	1.6	2.5	2.9	2.7	4.0	4.1	2.4	-1.0
77	2.6	2.6	4.8	1.3	1.2	2.0	2.7	2.3	3.6	3.7	2.1	-1.0
78	2.1	2.1	4.4	0.9	0.9	1.6	2.4	1.8	3.2	3.2	1.7	-1.0
79	1.6	1.6	3.9	0.6	0.7	1.3	2.1	1.4	2.8	2.7	1.4	-1.0
80	1.2	1.2	3.5	0.3	0.4	0.9	1.8	1.0	2.4	2.3	1.0	-1.0
81	0.8	0.8	3.1	-0.0	0.2	0.6	1.5	0.7	2.0	1.9	0.7	-1.0
82	0.4	0.5	2.8	-0.3	0.1	0.3	1.2	0.4	1.7	1.5	0.3	-1.0
83	0.1	0.2	2.4	-0.6	-0.0	0.2	0.9	0.1	1.3	1.1	0.1	-1.0
84	-0.2	-0.0	2.2	-0.9	-0.1	0.1	0.7	0.0	1.1	0.9	-0.2	-1.0
85	-0.4	-0.2	2.0	-1.1	-0.0	0.1	0.6	-0.0	0.9	0.6	-0.3	-1.0
86	-0.6	-0.3	1.8	-1.3	0.0	0.1	0.5	-0.0	0.8	0.5	-0.5	-1.0
87	-0.8	-0.4	1.7	-1.4	0.1	0.2	0.6	0.1	0.7	0.4	-0.5	-1.0
88	-0.9	-0.4	1.6	-1.5	0.3	0.3	0.8	0.2	0.8	0.3	-0.6	-1.0
89	-0.9	-0.3	1.6	-1.6	0.5	0.4	1.0	0.4	0.9	0.3	-0.6	-1.0
90	-0.9	-0.2	1.6	-1.6	0.8	0.5	1.2	0.5	1.1	0.2	-0.6	-1.0
91	-0.9	-0.1	1.7	-1.6	1.1	0.5	1.4	0.7	1.4	0.2	-0.6	-1.0
92	-0.9	-0.0	1.7	-1.6	1.3	0.5	1.6	0.7	1.5	0.1	-0.6	-1.0
93	-1.0	0.0	1.7	-1.7	1.6	0.3	1.8	0.7	1.6	-0.1	-0.7	-1.0
94	-1.1	0.0	1.5	-1.8	1.7	0.1	1.9	0.5	1.6	-0.3	-0.9	-1.0
95	-1.3	-0.1	1.3	-2.0	1.7	-0.2	2.0	0.3	1.4	-0.7	-1.1	-1.0
96	-1.7	-0.2	1.0	-2.3	1.6	-0.6	1.9	-0.0	1.0	-1.2	-1.5	-1.0
97	-2.1	-0.5	0.7	-2.6	1.5	-1.1	1.7	-0.4	0.5	-1.8	-1.9	-1.0
98	-2.6	-0.8	0.2	-2.9	1.2	-1.6	1.4	-0.9	-0.2	-2.4	-2.3	-1.0
99	-3.1	-1.2	-0.3	-3.2	0.8	-2.1	1.0	-1.3	-1.0	-3.1	-2.8	-1.0
100	-3.6	-1.6	-0.8	-3.6	0.4	-2.6	0.6	-1.8	-1.8	-3.7	-3.4	-1.0
101	-4.2	-2.0	-1.4	-4.1	-0.1	-3.1	0.1	-2.3	-2.6	-4.3	-4.0	-1.0