	Gait FB - IOR 1.c3d	Gait FB - IOR 2.c3d	Gait FB - IOR 2.c3d	Gait FB - IOR 2.c3d	Gait FB - IOR 6.c3d	Gait FB - IOR 6.c3d	Gait FB - IOR 7.c3d	Gait FB - IOR 7.c3d	Gait FB - IOR 8.c3d	Gait FB - IOR 8.c3d
	Left Rectus Femoris	Left Rectus Femoris	Left Rectus Femoris	Left Rectus Femoris	Left Rectus Femoris	Left Rectus Femoris	Left Rectus Femoris	Left Rectus Femoris	Left Rectus Femoris	Left Rectus Femoris
	ANALOG	ANALOG	ANALOG	ANALOG	ANALOG	ANALOG	ANALOG	ANALOG	ANALOG	ANALOG
	EMG_PROCESSED	EMG_PROCESSED	EMG_PROCESSED	EMG_PROCESSED	EMG_PROCESSED	EMG_PROCESSED	EMG_PROCESSED	EMG_PROCESSED	EMG_PROCESSED	EMG_PROCESSED
ITEM	X	X	X	X	X	X	X	X	X	X
1	4.2	3.2	3.6	3.6	4.3	3.8	4.0	3.1	3.1	4.3
2	2.7	3.8	3.6	4.0	4.0	4.1	4.1	3.0	2.7	4.0
3	2.7	4.1	3.7	5.4	3.8	4.3	4.8	3.3	4.9	3.6
4	3.0	6.0	3.5	5.8	6.3	9.6	5.0	4.5	5.4	5.1
5	4.3	6.0	4.5	5.9	7.5	10.2	5.5	4.8	7.1	5.3
6	5.4	6.5	4.8	6.1	10.3	12.4	5.6	5.4	7.6	6.4
7	5.7	7.3	5.2	5.8	10.5	12.4	5.3	6.0	7.7	6.7
8	6.4	6.8	5.5	5.7	10.6	12.4	4.9	5.8	7.7	6.7
9	7.0	6.2	5.4	4.4	10.9	12.2	4.9	5.7	7.7	6.1
10	7.1	5.6	5.7	4.1	9.4	10.1	5.4	5.3	6.7	5.3
11	7.2	5.4	4.8	3.8	9.0	9.2	4.7	6.5	5.9	4.8
12	6.6	4.9	4.5	3.6	5.4	6.3	5.4	6.6	6.0	4.3
13	6.2	4.0	3.6	3.6	5.9	7.9	5.4	8.3	5.8	4.3
14	5.6	5.0	3.4	3.3	6.3	7.8	5.9	8.4	4.5	5.2
15	5.1	4.8	3.4	3.1	5.7	7.7	5.6	8.5	3.9	5.3
16	5.5	4.6	3.1	3.1	5.4	6.5	6.5	7.5	3.3	5.3
17	4.2	4.5	2.8	3.7	6.5	6.7	5.9	7.0	2.7	5.5
18	3.9	4.8	3.3	3.9	6.8	6.3	5.8	5.2	2.8	5.5
19	4.0	4.7	3.8	3.8	5.9	4.4	6.0	3.3	2.7	6.0
20	4.1	5.8	4.5	4.0	6.0	6.2	5.7	3.6	3.0	5.6
21	3.7	5.9	6.8	4.0	6.5	6.2	4.9	3.1	2.9	5.2
22	3.9	6.3	6.9	3.8	6.4	5.9	3.7	3.3	2.6	5.7
23	4.7	6.3	8.0	3.3	5.9	6.3	4.2	5.0	2.6	5.7
24	5.8	6.0	7.8	3.1	5.6	6.3	4.2	5.0	2.9	5.3
25	6.8	5.0	7.7	3.2	5.3	6.2	4.3	5.0	2.8	4.9
26	6.9	3.6	6.8	2.8	5.0	4.3	4.4	4.8	2.7	4.6
27	7.2	3.0	5.6	2.6	4.5	4.4	4.4	4.7	2.6	3.5
28	6.5	2.6	5.4	2.6	4.0	3.5	3.8	4.1	2.4	3.2
29	6.0	3.2	3.5	2.5	2.7	2.5	3.6	2.7	2.1	2.3
30	5.0	3.2	3.7	2.5	2.9	2.8	3.2	2.7	1.7	1.9
31	3.5	3.5	4.5	2.3	2.6	2.6	2.7	2.6	1.7	1.7
32	3.0	3.6	4.7	2.3	2.5	2.5	2.8	2.4	1.7	1.8
33	2.4	3.3	4.4	2.3	2.4	2.4	2.7	2.4	1.8	1.7
34	2.3	3.0	4.3	2.0	2.2	2.6	2.6	2.3	1.9	2.0
35	2.1	2.7	4.2	2.0	1.8	3.0	2.4	2.4	1.8	2.2
36	1.9	2.9	3.9	2.4	1.4	2.9	2.4	2.4	1.9	2.7
37	2.0	2.3	3.5	3.0	1.6	3.6	2.4	2.5	2.2	2.8
38	1.7	2.6	3.4	2.9	2.0	3.4	2.5	2.7	2.2	2.7
39	2.1	2.6	2.9	3.2	2.2	3.4	2.4	3.1	2.1	2.6
40	2.4	3.0	2.9	3.1	2.4	3.1	2.4	3.3	2.0	2.6
41	3.1	3.2	2.7	3.1	2.5	3.1	2.6	3.2	2.3	2.6
42	3.2	3.0	2.7	2.9	2.9	3.0	2.8	3.0	2.1	2.5
43	3.4	3.0	2.1	2.4	2.8	2.9	2.8	3.1	2.0	2.5
44	3.6	2.7	1.9	2.6	2.8	3.0	2.4	2.9	2.0	2.7
45	3.6	2.6	1.9	2.2	2.7	3.6	2.8	3.5	2.2	2.5
46	3.4	2.7	1.8	2.0	2.5	3.7	2.8	3.3	2.4	2.5
47	3.0	2.5	2.0	2.3	2.3	3.3	2.9	3.4	2.3	2.7
48	2.9	2.5	2.3	2.4	2.1	3.5	3.2	3.4	2.6	2.7
49	3.1	2.8	2.4	2.3	2.2	3.3	3.9	3.8	3.0	2.9
50	2.9	2.8	2.5	2.6	1.8	3.5	4.2	3.6	2.9	2.9
51	3.0	2.9	2.6	2.7	2.3	3.2	4.0	3.1	2.8	3.0
52	3.0	2.7	2.7	3.1	2.6	3.3	3.8	3.1	2.8	3.2
53	3.4	2.7	2.6	3.1	2.7	3.3	3.5	2.7	2.6	3.3
54	3.9	2.7	2.7	3.0	2.9	2.9	2.9	2.9	2.3	3.2
55	3.5	2.3	2.7	3.8	3.0	2.9	2.6	2.2	1.9	2.9
56	3.3	2.3	2.6	4.0	3.0	2.5	2.0	2.4	2.0	2.4
57	3.2	2.3	2.9	4.1	2.4	2.1	2.0	2.1	1.8	2.5
58	3.4	2.4	3.2	4.0	2.5	2.3	2.1	2.2	2.0	2.3
59	2.9	2.7	3.7	3.9	2.5	2.8	2.2	2.2	1.9	2.5
60	2.2	2.7	3.8	4.0	2.7	3.5	2.1	2.0	2.3	2.6
61	2.2	3.0	4.1	3.5	3.0	3.7	2.1	1.9	2.1	2.8
62	2.5	2.7	4.2	3.6	3.1	3.9	2.0	1.9	2.2	3.1
63	2.5	3.2	3.9	3.4	3.3	4.0	2.0	1.9	2.3	3.2
64	2.4	3.2	4.0	3.1	3.2	3.7	1.8	1.7	2.8	2.9
65	2.4	3.1	3.4	3.1	2.9	4.0	2.8	1.9	3.0	2.8
66	3.1	3.3	3.9	3.1	3.1	3.7	3.0	2.4	2.7	2.7
67	3.6	3.0	3.9	2.4	3.3	3.6	3.3	2.5	2.8	2.1
68	3.5	2.8	3.9	2.2	3.1	3.5	3.3	2.3	2.7	2.4
69	3.6	2.6	3.9	2.0	3.0	3.5	3.3	2.8	2.1	2.3
70	3.5	2.5	3.6	2.2	3.0	3.6	2.9	2.9	2.3	2.4
71	3.5	2.3	3.5	2.2	3.0	2.8	2.7	2.7	2.2	2.3
72	3.0	2.3	2.7	2.1	2.4	2.5	2.3	2.8	2.5	2.3
73	2.6	2.9	2.1	2.2	2.3	2.4	2.4	2.8	2.5	2.0
74	2.6	2.8	2.0	2.1	2.3	1.9	2.5	3.0	2.7	2.1
75	3.1	3.5	2.0	2.5	2.6	1.7	2.8	2.9	2.6	2.0
76	3.0	3.6	2.3	2.8	2.6	1.7	2.7	2.9	2.4	2.0
77	3.0	3.7	2.3	2.8	3.0	1.7	2.5	3.0	2.4	2.8
78	2.9	3.7	2.6	2.7	2.8	1.6	2.8	3.1	2.2	3.5
79	2.7	4.0	2.6	2.7	3.3	2.0	2.8	3.4	2.1	4.0
80	2.9	4.2	2.7	2.6	3.4	2.0	2.7	3.1	2.2	4.6
81	2.4	4.1	2.5	2.2	3.2	2.7	2.6	2.8	2.4	5.1
82	2.9	4.0	2.6	1.9	3.2	3.2	2.6	2.8	2.3	4.8
83	3.4	3.9	2.7	2.1	3.2	3.2	2.6	2.8	2.3	4.6
84	3.5	3.6	2.8	2.2	3.2	3.3	2.2	2.1	2.8	3.9
85	3.6	3.1	2.9	2.8	3.7	3.1	2.5	2.1	2.8	3.4
86	3.6	2.6	2.9	2.8	3.9	3.3	2.3	2.1	2.9	2.3
87	3.9	2.7	3.7	3.0	3.9	2.8	2.3	2.3	2.8	2.8
88	3.7	3.2	3.6	3.2	3.9	2.2	2.3	2.3	2.7	3.3
89	3.4	3.7	4.0	3.4	3.6	2.5	2.5	2.4	2.6	3.4
90	3.4	3.7	3.9	3.5	3.4	3.3	2.3	2.6	2.2	3.6
91	3.3	4.3	3.8	3.2	2.1	3.8	2.2	3.0	1.9	4.1
92	3.3	4.3	3.7	3.5	2.6	5.3	2.9	3.3	2.0	3.8
93	3.1	4.3	3.0	3.2	2.8	5.5	3.0	3.3	2.0	3.3
94	3.6	4.1	3.7	3.7	2.8	5.5	3.9	3.0	2.5	3.0
95	3.9	3.9	3.0	4.3	2.8	5.4	4.1	2.9	2.4	2.9
96	4.3	4.0	2.9	4.1	2.8	5.1	4.4	3.2	2.9	2.4
97	4.6	3.2	3.2	3.9	2.8	4.3	4.5	2.8	3.0	2.1
98	4.8	3.2	3.3	3.8	2.7	3.1	4.2	2.7	4.4	2.8
99	4.8	3.6	3.3	4.1	2.2	3.1	3.6	2.5	4.3	2.9
100	4.4	3.3	2.8	3.4	2.3	2.7	3.5	2.7	4.5	2.8
101	4.4	3.3	2.6	3.6	2.5	2.8	3.0	2.7	4.4	3.0