	Gait FB - IOR 1.c3d	Gait FB - IOR 2.c3d	Gait FB - IOR 2.c3d	Gait FB - IOR 2.c3d	Gait FB - IOR 6.c3d	Gait FB - IOR 6.c3d	Gait FB - IOR 7.c3d	Gait FB - IOR 7.c3d	Gait FB - IOR 8.c3d	Gait FB - IOR 8.c3d
	Left Biceps Femoris	Left Biceps Femoris	Left Biceps Femoris	Left Biceps Femoris	Left Biceps Femoris	Left Biceps Femoris	Left Biceps Femoris	Left Biceps Femoris	Left Biceps Femoris	Left Biceps Femoris
	ANALOG	ANALOG	ANALOG	ANALOG	ANALOG	ANALOG	ANALOG	ANALOG	ANALOG	ANALOG
	EMG_PROCESSED	EMG_PROCESSED	EMG_PROCESSED	EMG_PROCESSED	EMG_PROCESSED	EMG_PROCESSED	EMG_PROCESSED	EMG_PROCESSED	EMG_PROCESSED	EMG_PROCESSED
ITEM	X	X	X	X	X	X	X	X	X	X
1	7.8	16.2	13.9	21.9	4.9	8.5	9.6	8.4	8.6	6.7
2	14.6	18.5	17.5	26.9	5.8	8.4	11.3	8.5	9.6	8.9
3	16.6	21.2	21.2	28.5	5.3	9.5	13.4	9.4	9.5	9.2
4	20.7	21.9	24.6	28.8	5.1	10.1	13.3	9.9	9.4	9.4
5	20.8	22.2	24.6	28.0	5.3	9.8	13.4	10.0	9.7	9.8
6	20.3	19.2	25.0	25.0	5.2	9.9	13.1	9.1	7.0	10.1
7	20.3	17.0	22.4	24.1	5.4	8.7	14.8	9.5	6.2	8.4
8	18.0	12.9	21.5	24.1	8.2	8.6	13.9	9.3	5.2	8.7
9	21.2	9.4	17.8	24.0	8.7	7.9	15.7	9.4	5.7	9.6
10	19.3	10.0	15.5	24.5	9.4	7.5	15.8	9.2	5.1	8.8
11	20.3	9.1	15.5	23.6	9.7	7.9	16.2	9.0	4.4	8.8
12	20.5	8.3	14.2	20.5	9.7	7.6	12.9	8.1	4.3	8.2
13	20.2	7.2	10.2	19.3	9.9	5.6	12.3	6.3	3.8	6.9
14	18.7	7.0	9.7	10.9	6.8	5.0	8.7	5.6	2.4	5.0
15	13.2	5.7	5.5	8.5	6.1	4.3	6.0	3.4	2.0	3.1
16	9.7	3.9	5.4	4.0	5.0	5.5	5.5	3.1	2.2	2.6
17	8.4	3.4	5.3	3.8	4.4	5.4	2.5	3.0	2.2	2.8
18	7.6	2.9	5.6	3.6	3.7	5.6	2.6	2.8	2.5	2.8
19	7.8	2.5	5.1	3.3	3.1	5.8	2.8	3.2	2.5	3.3
20	7.5	2.8	4.8	3.2	3.2	5.5	2.8	3.4	2.7	3.6
21	6.7	2.8	4.6	3.0	3.5	5.5	2.9	3.7	3.5	4.2
22	6.7	3.5	4.4	3.6	2.8	3.8	3.6	4.4	4.2	4.4
23	4.8	3.6	4.0	3.7	3.1	4.4	4.7	4.4	4.4	5.0
24	4.8	4.0	3.5	4.0	3.4	5.2	4.7	4.3	4.5	4.9
25	4.4	4.9	3.4	4.2	3.1	5.0	5.6	4.0	4.5	4.8
26	4.5	5.4	4.4	4.6	3.4	4.9	5.6	3.6	3.8	4.2
27	5.1	5.8	4.6	4.2	3.2	4.9	5.5	3.7	3.6	4.0
28	6.2	5.8	5.0	3.7	3.2	4.4	5.0	2.9	2.7	3.2
29	6.1	6.3	4.8	4.1	3.2	4.0	4.5	3.7	2.5	3.2
30	6.3	6.5	4.4	4.5	2.7	2.2	3.6	3.7	2.6	3.2
31	7.0	6.4	4.7	4.7	3.0	2.2	2.5	3.8	2.5	3.3
32	7.3	6.0	5.0	5.1	2.8	2.5	3.2	4.0	2.9	3.2
33	7.2	6.5	6.4	5.2	2.9	2.3	3.7	3.5	2.7	3.0
34	6.0	6.2	6.2	5.1	3.5	3.7	3.4	3.1	3.1	2.6
35	6.7	5.3	6.9	4.8	3.6	3.9	3.3	2.5	3.0	2.5
36	6.9	5.1	7.2	4.3	4.0	4.3	3.5	2.6	2.8	2.2
37	6.4	4.6	6.9	4.1	3.7	4.3	3.6	2.7	3.1	2.2
38	5.9	3.2	5.9	3.5	3.8	4.4	2.9	2.5	3.1	2.5
39	6.0	3.0	5.0	3.4	3.5	4.3	2.7	2.6	3.0	2.3
40	6.3	3.1	5.0	3.4	3.1	3.6	2.7	2.7	2.7	2.3
41	5.5	3.5	5.1	3.2	2.3	3.5	2.6	2.8	2.8	2.4
42	4.6	3.9	5.4	3.1	2.2	3.1	2.1	3.0	2.8	2.5
43	4.1	4.9	5.1	2.5	2.4	3.3	2.2	2.9	2.7	2.7
44	4.1	5.2	5.2	2.7	2.5	3.4	2.4	3.3	2.5	3.2
45	3.4	5.4	5.2	4.7	2.3	3.7	2.6	3.5	2.3	3.8
46	2.9	5.6	5.0	5.1	2.7	3.6	2.6	3.4	2.3	4.0
47	2.8	6.2	4.3	5.1	2.7	3.5	2.8	4.1	2.4	3.9
48	2.8	5.4	4.1	5.4	2.8	3.5	2.6	4.3	2.2	3.4
49	3.2	6.1	4.4	5.3	2.9	3.3	2.5	4.5	2.4	3.1
50	3.8	5.9	4.3	5.1	3.0	2.9	2.3	4.0	2.3	2.6
51	4.1	5.9	4.2	4.0	3.0	2.8	2.2	4.0	2.4	2.4
52	4.2	5.3	3.9	3.8	3.0	2.6	2.2	3.7	2.2	2.2
53	4.1	5.0	3.5	4.5	2.9	2.5	2.2	3.2	2.4	2.2
54	4.2	4.7	3.0	4.3	3.1	3.1	2.3	2.3	1.9	2.3
55	3.8	3.6	3.1	5.0	3.0	4.0	2.4	2.3	2.0	2.0
56	3.2	3.9	3.1	5.3	3.2	4.1	2.3	2.3	2.2	2.2
57	2.9	4.1	3.2	5.6	3.2	4.1	2.3	2.3	2.2	2.7
58	2.8	5.1	3.5	6.0	3.0	4.5	2.4	2.4	2.1	2.7
59	2.8	4.9	3.9	5.6	3.0	4.6	2.5	2.6	2.2	2.6
60	2.7	5.6	3.9	5.9	2.7	4.5	2.8	3.0	2.5	3.1
61	3.1	5.3	3.4	5.5	3.0	3.9	3.1	3.1	3.1	3.1
62	3.1	5.2	3.4	5.7	3.2	4.2	3.8	3.0	3.2	2.7
63	4.4	4.3	3.4	5.2	3.5	4.2	4.4	2.9	3.3	2.9
64	4.6	4.9	3.9	4.9	3.5	3.7	4.3	3.1	3.4	3.0
65	5.2	4.8	3.2	4.7	3.9	3.5	4.4	2.7	3.3	2.9
66	5.5	5.2	3.9	5.7	3.9	2.9	4.3	3.1	2.4	2.6
67	5.5	5.2	3.9	6.4	3.6	2.0	4.0	3.2	2.2	3.4
68	5.5	5.3	4.1	6.6	3.4	2.0	3.0	3.3	2.4	3.2
69	4.8	4.6	5.8	8.2	3.1	2.6	3.5	3.3	2.3	3.5
70	5.5	4.4	5.9	8.0	3.0	2.8	3.3	3.2	3.1	3.9
71	5.4	4.3	6.9	8.4	3.5	2.9	3.6	3.7	3.3	4.5
72	5.2	3.8	6.8	7.7	3.5	2.8	3.6	3.2	3.3	4.5
73	4.9	3.8	7.0	7.3	3.5	2.9	4.1	3.0	3.7	4.4
74	5.0	4.1	7.3	6.7	3.8	2.2	3.7	3.0	3.9	4.1
75	5.6	4.1	6.1	4.6	3.9	1.9	3.4	3.3	4.3	3.8
76	4.9	4.0	6.9	4.8	3.9	1.8	3.1	2.8	3.7	3.1
77	4.5	3.8	6.3	4.1	3.6	1.9	3.0	3.6	3.8	2.3
78	4.5	4.0	6.2	3.5	3.7	2.0	3.0	3.5	3.5	2.4
79	4.5	5.2	5.6	4.7	3.8	2.0	2.6	3.5	3.1	2.4
80	5.5	5.0	5.3	4.6	3.7	2.0	2.7	3.5	2.6	2.5
81	5.9	6.1	5.2	4.9	3.8	2.2	2.7	3.4	2.5	2.3
82	6.1	6.3	4.1	4.8	3.5	2.7	3.4	3.5	2.5	2.4
83	6.2	6.3	4.0	4.8	3.2	3.5	3.6	3.3	2.4	2.4
84	6.2	6.6	4.7	5.0	2.9	3.8	3.4	3.4	2.2	2.4
85	6.2	5.9	5.4	4.2	2.9	5.0	3.5	3.4	2.2	2.6
86	5.3	6.5	5.3	4.1	2.4	5.1	3.4	3.4	2.0	2.6
87	4.2	6.5	5.7	4.5	2.5	5.0	3.1	3.3	2.1	2.9
88	3.7	6.5	5.7	6.0	2.5	4.8	2.5	2.6	2.1	2.6
89	3.5	6.1	5.7	6.1	2.5	4.2	2.5	2.6	1.9	2.6
90	3.5	5.6	5.1	6.3	2.5	4.3	2.5	2.9	1.9	2.5
91	3.6	5.9	4.4	6.3	2.4	3.6	2.5	3.1	2.0	2.5
92	4.5	4.2	4.1	6.5	2.1	3.8	2.7	3.6	2.2	3.2
93	4.3	4.7	3.2	6.1	2.2	3.9	2.8	4.1	2.2	3.4
94	4.3	4.7	4.3	4.6	2.9	3.8	2.9	4.1	2.7	4.0
95	5.3	5.1	4.4	5.6	3.0	4.0	2.8	3.8	2.9	3.9
96	5.6	5.8	4.4	6.4	3.0	3.6	3.1	3.6	2.9	3.9
97	6.5	5.6	4.8	6.7	3.0	2.7	3.1	3.3	3.0	3.4
98	6.4	7.3	5.4	7.2	3.6	2.4	2.9	2.5	2.8	3.0
99	6.7	6.8	6.0	7.2	3.5	2.5	3.1	1.8	2.6	2.2
100	6.9	6.6	5.6	7.2	3.1	2.7	3.2	1.9	2.5	2.1
101	6.9	6.5	6.7	6.3	3.1	2.9	3.3	2.4	3.1	2.5