	Gait FB - IOR 1.c3d	Gait FB - IOR 1.c3d	Gait FB - IOR 1.c3d	Gait FB - IOR 2.c3d	Gait FB - IOR 2.c3d	Gait FB - IOR 6.c3d	Gait FB - IOR 6.c3d	Gait FB - IOR 6.c3d	Gait FB - IOR 7.c3d	Gait FB - IOR 7.c3d	Gait FB - IOR 7.c3d	Gait FB - IOR 8.c3d	Gait FB - IOR 8.c3d	Static.c3d
	R_FM1	R_FM1	R_FM1	R_FM1	R_FM1	R_FM1	R_FM1	R_FM1	R_FM1	R_FM1	R_FM1	R_FM1	R_FM1	R_FM1
	TARGET	TARGET	TARGET	TARGET	TARGET	TARGET	TARGET	TARGET	TARGET	TARGET	TARGET	TARGET	TARGET	TARGET
	ORIGINAL	ORIGINAL	ORIGINAL	ORIGINAL	ORIGINAL	ORIGINAL	ORIGINAL	ORIGINAL	ORIGINAL	ORIGINAL	ORIGINAL	ORIGINAL	ORIGINAL	ORIGINAL
ITEM	Z	Z	Z	Z	Z	Z	Z	Z	Z	Z	Z	Z	Z	Z
1	0.1070	0.0920	0.0977	0.0996	0.0978	0.0909	0.0960	0.1035	0.1038	0.1014	0.0925	0.1049	0.0960	0.0411
2	0.0974	0.0819	0.0881	0.0905	0.0873	0.0809	0.0863	0.0926	0.0940	0.0901	0.0814	0.0947	0.0838	0.0411
3	0.0853	0.0722	0.0774	0.0797	0.0758	0.0711	0.0767	0.0822	0.0845	0.0797	0.0699	0.0843	0.0750	0.0411
4	0.0728	0.0643	0.0674	0.0682	0.0658	0.0636	0.0682	0.0723	0.0756	0.0699	0.0613	0.0732	0.0677	0.0411
5	0.0630	0.0585	0.0601	0.0590	0.0591	0.0574	0.0617	0.0652	0.0676	0.0628	0.0544	0.0642	0.0625	0.0411
6	0.0567	0.0541	0.0551	0.0525	0.0559	0.0536	0.0563	0.0600	0.0618	0.0563	0.0501	0.0564	0.0576	0.0411
7	0.0542	0.0526	0.0530	0.0495	0.0552	0.0519	0.0535	0.0571	0.0570	0.0533	0.0488	0.0523	0.0556	0.0411
8	0.0535	0.0521	0.0521	0.0486	0.0551	0.0506	0.0524	0.0563	0.0551	0.0523	0.0477	0.0511	0.0556	0.0411
9	0.0533	0.0518	0.0510	0.0481	0.0547	0.0495	0.0517	0.0561	0.0546	0.0521	0.0468	0.0507	0.0556	0.0411
10	0.0527	0.0509	0.0494	0.0473	0.0534	0.0480	0.0506	0.0553	0.0540	0.0516	0.0458	0.0500	0.0547	0.0411
11	0.0512	0.0496	0.0474	0.0459	0.0515	0.0464	0.0492	0.0536	0.0531	0.0504	0.0446	0.0482	0.0531	0.0411
12	0.0493	0.0483	0.0455	0.0444	0.0496	0.0451	0.0477	0.0518	0.0516	0.0488	0.0439	0.0462	0.0514	0.0411
13	0.0477	0.0473	0.0440	0.0430	0.0482	0.0441	0.0464	0.0503	0.0500	0.0474	0.0435	0.0445	0.0500	0.0411
14	0.0464	0.0465	0.0431	0.0421	0.0472	0.0436	0.0455	0.0493	0.0487	0.0465	0.0433	0.0434	0.0490	0.0411
15	0.0458	0.0461	0.0425	0.0415	0.0467	0.0433	0.0449	0.0489	0.0478	0.0459	0.0431	0.0428	0.0484	0.0411
16	0.0454	0.0458	0.0422	0.0412	0.0463	0.0431	0.0445	0.0486	0.0473	0.0456	0.0429	0.0424	0.0479	0.0411
17	0.0452	0.0455	0.0419	0.0411	0.0459	0.0429	0.0441	0.0484	0.0471	0.0454	0.0426	0.0420	0.0475	0.0411
18	0.0449	0.0452	0.0416	0.0408	0.0456	0.0426	0.0438	0.0480	0.0468	0.0451	0.0423	0.0417	0.0471	0.0411
19	0.0446	0.0450	0.0413	0.0406	0.0453	0.0423	0.0436	0.0477	0.0465	0.0448	0.0419	0.0413	0.0468	0.0411
20	0.0442	0.0448	0.0411	0.0404	0.0451	0.0420	0.0433	0.0474	0.0462	0.0445	0.0417	0.0411	0.0465	0.0411
21	0.0440	0.0447	0.0408	0.0402	0.0448	0.0418	0.0432	0.0472	0.0460	0.0443	0.0416	0.0409	0.0462	0.0411
22	0.0438	0.0445	0.0406	0.0401	0.0446	0.0416	0.0431	0.0471	0.0457	0.0442	0.0415	0.0408	0.0461	0.0411
23	0.0437	0.0444	0.0404	0.0399	0.0444	0.0415	0.0430	0.0469	0.0456	0.0441	0.0415	0.0407	0.0459	0.0411
24	0.0437	0.0443	0.0402	0.0398	0.0441	0.0413	0.0429	0.0468	0.0455	0.0441	0.0414	0.0407	0.0458	0.0411
25	0.0437	0.0442	0.0400	0.0397	0.0438	0.0412	0.0427	0.0468	0.0454	0.0440	0.0412	0.0407	0.0457	0.0411
26	0.0436	0.0442	0.0398	0.0396	0.0435	0.0411	0.0425	0.0467	0.0452	0.0440	0.0411	0.0406	0.0455	0.0411
27	0.0435	0.0441	0.0396	0.0394	0.0432	0.0407	0.0423	0.0467	0.0451	0.0439	0.0410	0.0403	0.0452	0.0411
28	0.0434	0.0440	0.0394	0.0391	0.0431	0.0402	0.0420	0.0467	0.0450	0.0439	0.0409	0.0400	0.0450	0.0411
29	0.0434	0.0439	0.0392	0.0388	0.0430	0.0398	0.0420	0.0466	0.0450	0.0439	0.0409	0.0397	0.0448	0.0411
30	0.0434	0.0438	0.0391	0.0385	0.0429	0.0394	0.0420	0.0467	0.0449	0.0439	0.0409	0.0394	0.0447	0.0411
31	0.0433	0.0437	0.0391	0.0385	0.0429	0.0394	0.0420	0.0467	0.0448	0.0439	0.0409	0.0394	0.0446	0.0411
32	0.0434	0.0437	0.0391	0.0387	0.0430	0.0397	0.0421	0.0468	0.0448	0.0439	0.0409	0.0396	0.0446	0.0411
33	0.0435	0.0437	0.0391	0.0390	0.0431	0.0400	0.0423	0.0468	0.0447	0.0439	0.0409	0.0397	0.0446	0.0411
34	0.0436	0.0436	0.0390	0.0393	0.0431	0.0404	0.0424	0.0468	0.0447	0.0439	0.0410	0.0400	0.0447	0.0411
35	0.0436	0.0436	0.0390	0.0396	0.0432	0.0406	0.0425	0.0469	0.0446	0.0439	0.0410	0.0400	0.0448	0.0411
36	0.0436	0.0437	0.0390	0.0397	0.0432	0.0406	0.0425	0.0470	0.0446	0.0440	0.0410	0.0399	0.0447	0.0411
37	0.0436	0.0437	0.0390	0.0397	0.0432	0.0405	0.0425	0.0471	0.0445	0.0441	0.0410	0.0398	0.0447	0.0411
38	0.0436	0.0437	0.0390	0.0397	0.0432	0.0405	0.0426	0.0472	0.0445	0.0442	0.0411	0.0397	0.0447	0.0411
39	0.0436	0.0438	0.0391	0.0398	0.0432	0.0405	0.0426	0.0472	0.0446	0.0443	0.0412	0.0396	0.0447	0.0411
40	0.0436	0.0438	0.0391	0.0398	0.0433	0.0405	0.0425	0.0471	0.0446	0.0444	0.0412	0.0394	0.0447	0.0411
41	0.0435	0.0438	0.0391	0.0398	0.0433	0.0405	0.0425	0.0471	0.0447	0.0444	0.0412	0.0392	0.0447	0.0411
42	0.0435	0.0438	0.0390	0.0399	0.0433	0.0405	0.0424	0.0471	0.0447	0.0444	0.0411	0.0390	0.0446	0.0411
43	0.0435	0.0438	0.0390	0.0400	0.0433	0.0404	0.0424	0.0470	0.0446	0.0444	0.0410	0.0388	0.0446	0.0411
44	0.0434	0.0438	0.0390	0.0400	0.0434	0.0403	0.0423	0.0469	0.0445	0.0444	0.0408	0.0385	0.0445	0.0411
45	0.0434	0.0436	0.0390	0.0401	0.0434	0.0401	0.0423	0.0467	0.0445	0.0445	0.0404	0.0383	0.0444	0.0411
46	0.0433	0.0435	0.0389	0.0401	0.0433	0.0399	0.0422	0.0465	0.0443	0.0445	0.0402	0.0382	0.0442	0.0411
47	0.0432	0.0433	0.0389	0.0400	0.0432	0.0397	0.0420	0.0462	0.0441	0.0444	0.0400	0.0380	0.0440	0.0411
48	0.0431	0.0431	0.0389	0.0399	0.0431	0.0395	0.0419	0.0459	0.0440	0.0443	0.0399	0.0378	0.0439	0.0411
49	0.0430	0.0430	0.0388	0.0398	0.0431	0.0393	0.0416	0.0456	0.0438	0.0442	0.0397	0.0376	0.0437	0.0411
50	0.0428	0.0428	0.0389	0.0397	0.0430	0.0391	0.0414	0.0453	0.0436	0.0441	0.0395	0.0374	0.0437	0.0411
51	0.0426	0.0426	0.0388	0.0395	0.0429	0.0389	0.0412	0.0450	0.0434	0.0439	0.0392	0.0372	0.0435	0.0411
52	0.0425	0.0424	0.0388	0.0393	0.0429	0.0387	0.0409	0.0446	0.0432	0.0436	0.0389	0.0370	0.0432	0.0411
53	0.0423	0.0422	0.0387	0.0390	0.0428	0.0386	0.0407	0.0443	0.0430	0.0434	0.0386	0.0368	0.0429	0.0411
54	0.0422	0.0420	0.0385	0.0387	0.0428	0.0385	0.0405	0.0440	0.0428	0.0431	0.0383	0.0366	0.0425	0.0411
55	0.0422	0.0419	0.0384	0.0384	0.0428	0.0385	0.0403	0.0438	0.0427	0.0428	0.0381	0.0364	0.0421	0.0411
56	0.0422	0.0417	0.0383	0.0382	0.0429	0.0384	0.0402	0.0436	0.0427	0.0426	0.0378	0.0362	0.0420	0.0411
57	0.0422	0.0417	0.0382	0.0380	0.0429	0.0384	0.0401	0.0435	0.0427	0.0424	0.0377	0.0361	0.0420	0.0411
58	0.0423	0.0417	0.0381	0.0378	0.0430	0.0384	0.0400	0.0435	0.0428	0.0423	0.0376	0.0358	0.0421	0.0411
59	0.0425	0.0418	0.0380	0.0376	0.0431	0.0385	0.0400	0.0435	0.0429	0.0424	0.0374	0.0353	0.0421	0.0411
60	0.0429	0.0420	0.0380	0.0376	0.0435	0.0390	0.0400	0.0437	0.0432	0.0425	0.0373	0.0347	0.0420	0.0411
61	0.0443	0.0425	0.0381	0.0378	0.0449	0.0402	0.0402	0.0441	0.0436	0.0428	0.0370	0.0342	0.0419	0.0411
62	0.0474	0.0436	0.0385	0.0392	0.0479	0.0430	0.0413	0.0453	0.0444	0.0435	0.0371	0.0349	0.0424	0.0411
63	0.0526	0.0459	0.0397	0.0423	0.0529	0.0476	0.0439	0.0481	0.0463	0.0452	0.0383	0.0376	0.0441	0.0411
64	0.0593	0.0501	0.0424	0.0474	0.0596	0.0538	0.0484	0.0530	0.0499	0.0490	0.0413	0.0423	0.0476	0.0411
65	0.0668	0.0559	0.0469	0.0542	0.0672	0.0609	0.0549	0.0597	0.0556	0.0548	0.0462	0.0488	0.0531	0.0411
66	0.0746	0.0630	0.0529	0.0614	0.0749	0.0681	0.0624	0.0673	0.0627	0.0621	0.0526	0.0564	0.0599	0.0411
67	0.0822	0.0705	0.0597	0.0689	0.0825	0.0751	0.0703	0.0747	0.0704	0.0695	0.0600	0.0643	0.0673	0.0411
68	0.0895	0.0775	0.0667	0.0763	0.0897	0.0816	0.0782	0.0818	0.0780	0.0765	0.0676	0.0719	0.0747	0.0411
69	0.0956	0.0842	0.0734	0.0835	0.0961	0.0874	0.0860	0.0882	0.0851	0.0833	0.0748	0.0784	0.0815	0.0411
70	0.1003	0.0900	0.0796	0.0901	0.1011	0.0920	0.0931	0.0937	0.0914	0.0897	0.0809	0.0832	0.0872	0.0411
71	0.1034	0.0948	0.0852	0.0951	0.1043	0.0951	0.0989	0.0978	0.0964	0.0953	0.0856	0.0863	0.0913	0.0411
72	0.1049	0.0983	0.0896	0.0984	0.1058	0.0970	0.1031	0.1001	0.0998	0.0995	0.0886	0.0876	0.0938	0.0411
73	0.1049	0.1002	0.0927	0.0999	0.1055	0.0976	0.1056	0.1008	0.1016	0.1018	0.0901	0.0874	0.0948	0.0411
74	0.1035	0.1008	0.0942	0.0998	0.1038	0.0970	0.1068	0.0999	0.1019	0.1025	0.0902	0.0860	0.0943	0.0411
75	0.1011	0.1000	0.0943	0.0983	0.1008	0.0951	0.1064	0.0975	0.1008	0.1016	0.0889	0.0838	0.0926	0.0411
76	0.0982	0.0979	0.0931	0.0959	0.0970	0.0922	0.1047	0.0941	0.0989	0.0995	0.0868	0.0810	0.0901	0.0411
77	0.0947	0.0950	0.0909	0.0928	0.0927	0.0885	0.1018	0.0899	0.0960	0.0965	0.0840	0.0776	0.0868	0.0411
78	0.0908	0.0915	0.0880	0.0890	0.0882	0.0845	0.0983	0.0854	0.0925	0.0928	0.0809	0.0735	0.0829	0.0411
79	0.0868	0.0876	0.0846	0.0847	0.0837	0.0804	0.0945	0.0810	0.0884	0.0886	0.0775	0.0690	0.0789	0.0411
80	0.0826	0.0835	0.0809	0.0801	0.0791	0.0764	0.0906	0.0768	0.0840	0.0839	0.0738	0.0647	0.0747	0.0411
81	0.0784	0.0793	0.0769	0.0753	0.0747	0.0723	0.0864	0.0727	0.0796	0.0790	0.0699	0.0608	0.0708	0.0411
82	0.0748	0.0752	0.0727	0.0707	0.0706	0.0685	0.0821	0.0688	0.0754	0.0740	0.0660	0.0578	0.0672	0.0411
83	0.0719	0.0713	0.0684	0.0665	0.0670	0.0650	0.0778	0.0652	0.0717	0.0692	0.0622	0.0558	0.0640	0.0411
84	0.0698	0.0677	0.0644	0.0629	0.0643	0.0622	0.0738	0.0622	0.0686	0.0650	0.0590	0.0552	0.0617	0.0411
85	0.0688	0.0650	0.0607	0.0602	0.0625	0.0603	0.0705	0.0604	0.0663	0.0617	0.0565	0.0563	0.0606	0.0411
86	0.0691	0.0633	0.0575	0.0585	0.0621	0.0597	0.0683	0.0599	0.0651	0.0595	0.0551	0.0594	0.0609	0.0411
87	0.0707	0.0629	0.0553	0.0583	0.0630	0.0603	0.0674	0.0610	0.0652	0.0587	0.0550	0.0645	0.0626	0.0411
88	0.0737	0.0638	0.0541	0.0595	0.0654	0.0626	0.0678	0.0638	0.0669	0.0594	0.0564	0.0716	0.0656	0.0411
89	0.0781	0.0659	0.0542	0.0625	0.0692	0.0664	0.0698	0.0681	0.0700	0.0617	0.0591	0.0805	0.0698	0.0411
90	0.0841	0.0693	0.0556	0.0671	0.0743	0.0714	0.0732	0.0738	0.0747	0.0659	0.0631	0.0903	0.0752	0.0411
91	0.0913	0.0740	0.0584	0.0730	0.0806	0.0774	0.0779	0.0806	0.0806	0.0721	0.0682	0.1000	0.0817	0.0411
92	0.0992	0.0799	0.0626	0.0801	0.0879	0.0839	0.0836	0.0884	0.0879	0.0803	0.0740	0.1091	0.0893	0.0411
93	0.1069	0.0870	0.0682	0.0878	0.0955	0.0908	0.0900	0.0968	0.0961	0.0896	0.0805	0.1170	0.0975	0.0411
94	0.1136	0.0946	0.0749	0.0955	0.1027	0.0977	0.0966	0.1055	0.1046	0.0991	0.0876	0.1238	0.1058	0.0411
95	0.1184	0.1018	0.0823	0.1025	0.1088	0.1043	0.1029	0.1135	0.1126	0.1074	0.0949	0.1290	0.1132	0.0411
96	0.1208	0.1078	0.0898	0.1079	0.1134	0.1097	0.1087	0.1198	0.1190	0.1138	0.1018	0.1320	0.1188	0.0411
97	0.1206	0.1116	0.0967	0.1113	0.1163	0.1132	0.1133	0.1233	0.1227	0.1172	0.1076	0.1318	0.1214	0.0411
98	0.1175	0.1128	0.1024	0.1124	0.1170	0.1140	0.1161	0.1230	0.1229	0.1169	0.1109	0.1279	0.1203	0.0411
99	0.1116	0.1109	0.1060	0.1106	0.1152	0.1114	0.1158	0.1185	0.1193	0.1126	0.1106	0.1202	0.1155	0.0411
100	0.1029	0.1058	0.1068	0.1060	0.1103	0.1052	0.1117	0.1098	0.1120	0.1039	0.1061	0.1093	0.1071	0.0411
101	0.0920	0.0977	0.1040	0.0978	0.1022	0.0960	0.1035	0.0988	0.1014	0.0925	0.0976	0.0960	0.0964	0.0411