	Gait FB - IOR 1.c3d	Gait FB - IOR 1.c3d	Gait FB - IOR 1.c3d	Gait FB - IOR 2.c3d	Gait FB - IOR 2.c3d	Gait FB - IOR 6.c3d	Gait FB - IOR 6.c3d	Gait FB - IOR 6.c3d	Gait FB - IOR 7.c3d	Gait FB - IOR 7.c3d	Gait FB - IOR 7.c3d	Gait FB - IOR 8.c3d	Gait FB - IOR 8.c3d	Static.c3d
	Right Elbow Angles	Right Elbow Angles	Right Elbow Angles	Right Elbow Angles	Right Elbow Angles	Right Elbow Angles	Right Elbow Angles	Right Elbow Angles	Right Elbow Angles	Right Elbow Angles	Right Elbow Angles	Right Elbow Angles	Right Elbow Angles	Right Elbow Angles
	LINK_MODEL_BASED	LINK_MODEL_BASED	LINK_MODEL_BASED	LINK_MODEL_BASED	LINK_MODEL_BASED	LINK_MODEL_BASED	LINK_MODEL_BASED	LINK_MODEL_BASED	LINK_MODEL_BASED	LINK_MODEL_BASED	LINK_MODEL_BASED	LINK_MODEL_BASED	LINK_MODEL_BASED	LINK_MODEL_BASED
	ORIGINAL	ORIGINAL	ORIGINAL	ORIGINAL	ORIGINAL	ORIGINAL	ORIGINAL	ORIGINAL	ORIGINAL	ORIGINAL	ORIGINAL	ORIGINAL	ORIGINAL	ORIGINAL
ITEM	Z	Z	Z	Z	Z	Z	Z	Z	Z	Z	Z	Z	Z	Z
1	117.4	111.6	117.7	116.6	120.1	111.9	114.7	119.6	114.2	110.2	114.8	112.3	120.4	116.9
2	117.1	111.5	117.1	115.6	119.8	111.7	114.4	119.6	113.9	109.7	114.3	112.2	120.4	116.9
3	116.9	111.4	116.4	114.7	119.6	111.7	114.0	119.7	113.6	109.2	113.8	112.1	120.3	116.9
4	116.8	111.4	115.7	113.9	119.4	111.8	113.6	119.7	113.2	108.8	113.2	112.2	120.3	116.9
5	116.8	111.4	115.3	113.2	119.2	111.9	113.3	119.8	112.9	108.5	112.7	112.3	120.2	116.9
6	116.8	111.3	115.0	112.6	118.9	112.0	112.9	119.8	112.6	108.3	112.1	112.4	120.1	116.9
7	116.8	111.2	115.0	112.0	118.5	112.0	112.5	119.7	112.1	108.2	111.6	112.4	119.9	116.9
8	116.6	111.0	114.9	111.5	118.0	111.8	112.0	119.3	111.6	108.0	111.0	112.2	119.8	116.9
9	116.3	110.6	114.9	110.9	117.2	111.4	111.5	118.7	110.9	107.9	110.3	111.8	119.6	116.9
10	115.7	110.0	114.7	110.2	116.3	110.9	111.0	117.7	110.0	107.6	109.5	111.2	119.3	116.9
11	115.0	109.3	114.5	109.4	115.2	110.3	110.4	116.4	109.1	107.1	108.6	110.5	118.9	116.9
12	114.2	108.6	114.1	108.6	114.1	109.7	109.9	114.9	108.1	106.5	107.8	109.7	118.3	116.9
13	113.4	107.8	113.7	107.9	113.1	109.2	109.5	113.3	107.2	105.7	107.1	108.9	117.6	116.9
14	112.6	107.2	113.3	107.3	112.3	108.9	109.2	111.9	106.4	104.8	106.5	108.1	116.9	116.9
15	112.1	106.7	113.0	107.0	111.7	109.0	109.1	110.8	105.8	103.9	106.1	107.4	116.3	116.9
16	111.8	106.3	112.8	106.8	111.2	109.3	109.0	110.1	105.4	103.1	105.9	106.9	115.9	116.9
17	111.7	106.2	112.7	106.8	111.1	109.9	109.0	109.7	105.2	102.5	105.9	106.6	115.8	116.9
18	111.8	106.3	112.7	107.1	111.1	110.9	109.0	109.7	105.1	102.1	106.0	106.7	116.0	116.9
19	112.1	106.7	112.8	107.6	111.2	111.9	109.0	110.0	105.2	102.0	106.3	107.1	116.5	116.9
20	112.4	107.2	113.0	108.3	111.5	113.1	109.0	110.6	105.5	102.1	106.7	108.0	117.2	116.9
21	112.8	107.9	113.2	109.2	111.9	114.2	109.0	111.4	105.8	102.5	107.2	109.3	118.1	116.9
22	113.2	108.7	113.5	110.1	112.4	115.3	109.2	112.4	106.2	103.2	107.9	110.9	119.2	116.9
23	113.6	109.5	113.8	110.9	113.2	116.2	109.5	113.4	106.6	104.1	108.7	112.8	120.3	116.9
24	113.9	110.4	114.2	111.8	114.1	117.1	110.0	114.5	107.1	105.3	109.5	114.7	121.3	116.9
25	114.3	111.3	114.6	112.6	115.2	117.8	110.7	115.7	107.6	106.5	110.5	116.5	122.4	116.9
26	114.7	112.2	115.0	113.3	116.4	118.5	111.6	116.7	108.2	107.8	111.5	118.2	123.3	116.9
27	115.1	113.0	115.5	114.2	117.6	118.9	112.7	117.7	108.9	108.9	112.5	119.6	124.1	116.9
28	115.6	113.8	116.0	115.0	118.8	119.3	113.8	118.5	109.7	109.9	113.4	120.5	124.8	116.9
29	116.2	114.5	116.4	115.8	119.9	119.5	114.9	119.2	110.6	110.7	114.1	121.0	125.4	116.9
30	116.7	115.1	116.8	116.6	120.9	119.6	116.0	119.7	111.5	111.2	114.7	121.1	125.8	116.9
31	117.3	115.7	117.2	117.2	121.8	119.6	117.1	120.0	112.3	111.5	115.1	120.9	126.0	116.9
32	117.8	116.2	117.5	117.7	122.5	119.6	118.1	120.2	113.1	111.6	115.3	120.3	126.0	116.9
33	118.3	116.6	117.8	118.0	123.0	119.5	119.0	120.3	113.7	111.6	115.3	119.6	126.0	116.9
34	118.7	117.0	118.1	118.1	123.3	119.5	119.8	120.2	114.1	111.6	115.1	118.9	125.8	116.9
35	119.0	117.3	118.4	118.0	123.5	119.5	120.5	120.1	114.4	111.6	114.9	118.3	125.7	116.9
36	119.3	117.5	118.6	117.9	123.6	119.7	121.1	119.9	114.6	111.7	114.7	118.0	125.6	116.9
37	119.4	117.8	118.9	117.7	123.6	120.0	121.7	119.6	114.7	112.0	114.5	118.0	125.6	116.9
38	119.6	118.2	119.2	117.6	123.7	120.4	122.2	119.2	114.8	112.5	114.5	118.5	125.7	116.9
39	119.9	118.6	119.5	117.7	123.8	121.0	122.8	118.8	114.9	113.3	114.6	119.4	125.9	116.9
40	120.2	119.1	119.8	118.2	123.9	121.7	123.3	118.4	115.0	114.3	114.8	120.7	126.3	116.9
41	120.5	119.6	120.2	118.9	124.1	122.6	123.8	118.0	115.3	115.4	115.2	122.3	126.8	116.9
42	120.9	120.2	120.6	119.9	124.4	123.5	124.3	117.8	115.6	116.7	115.7	123.9	127.6	116.9
43	121.3	120.7	120.9	121.2	124.7	124.4	124.8	117.6	115.9	118.0	116.2	125.5	128.6	116.9
44	121.6	121.1	121.3	122.5	125.0	125.3	125.3	117.7	116.4	119.2	116.7	126.8	129.8	116.9
45	121.9	121.5	121.7	123.9	125.3	125.9	125.6	118.1	116.9	120.3	117.3	127.8	131.1	116.9
46	122.2	121.8	122.0	125.2	125.6	126.3	125.8	118.6	117.4	121.3	117.8	128.5	132.5	116.9
47	122.2	122.0	122.3	126.1	125.8	126.4	125.9	119.2	117.9	122.1	118.2	128.7	134.0	116.9
48	122.1	122.1	122.5	126.7	126.0	126.1	126.0	119.8	118.4	122.7	118.5	128.5	135.3	116.9
49	121.7	122.1	122.6	126.8	126.2	125.6	125.9	120.2	118.7	123.1	118.5	127.9	136.4	116.9
50	121.1	121.9	122.5	126.4	126.2	124.8	125.8	120.5	118.8	123.3	118.4	127.0	137.2	116.9
51	120.4	121.6	122.3	125.5	126.2	123.7	125.6	120.5	118.8	123.2	118.0	125.9	137.7	116.9
52	119.4	121.2	122.0	124.4	126.1	122.6	125.3	120.2	118.6	123.0	117.4	124.7	137.8	116.9
53	118.5	120.7	121.6	123.1	126.0	121.4	125.0	119.8	118.2	122.6	116.6	123.6	137.7	116.9
54	117.6	120.1	121.2	121.9	125.8	120.4	124.7	119.3	117.8	122.1	115.9	122.7	137.3	116.9
55	116.8	119.5	120.8	121.0	125.5	119.6	124.4	118.8	117.3	121.6	115.2	122.3	136.9	116.9
56	116.3	118.9	120.4	120.5	125.4	119.1	124.3	118.5	116.9	121.1	114.7	122.4	136.6	116.9
57	116.0	118.5	120.2	120.4	125.2	118.9	124.4	118.3	116.6	120.9	114.4	122.9	136.4	116.9
58	115.7	118.2	120.0	120.6	124.9	119.0	124.6	118.1	116.3	120.8	114.3	123.9	136.2	116.9
59	115.5	118.0	119.9	120.9	124.6	119.3	124.9	117.8	116.0	120.9	114.4	125.0	135.9	116.9
60	115.2	117.8	119.8	121.1	124.0	119.7	125.0	117.3	115.6	121.0	114.4	126.0	135.5	116.9
61	114.7	117.5	119.7	121.1	123.1	119.8	125.0	116.6	115.0	121.0	114.3	126.7	134.9	116.9
62	114.0	117.0	119.4	120.8	122.0	119.8	124.6	115.5	114.2	120.7	114.0	126.9	134.1	116.9
63	113.2	116.4	118.9	120.2	120.6	119.4	123.8	114.3	113.1	120.0	113.6	126.6	133.2	116.9
64	112.2	115.6	118.3	119.3	119.2	118.8	122.6	112.9	111.8	118.9	113.0	125.8	132.2	116.9
65	111.3	114.7	117.5	118.2	117.7	117.9	121.0	111.4	110.4	117.6	112.4	124.7	131.2	116.9
66	110.4	113.8	116.7	117.1	116.4	116.9	119.1	110.1	109.1	116.2	111.8	123.3	130.2	116.9
67	109.7	113.0	116.0	116.0	115.4	115.8	117.2	109.0	107.9	114.7	111.4	121.8	129.3	116.9
68	109.1	112.2	115.4	115.1	114.7	114.8	115.3	108.4	107.0	113.3	111.2	120.5	128.6	116.9
69	108.8	111.6	115.0	114.3	114.4	113.9	113.7	108.3	106.4	112.2	111.3	119.5	128.0	116.9
70	108.8	111.2	114.9	113.8	114.6	113.3	112.4	108.8	106.1	111.4	111.6	119.0	127.7	116.9
71	109.1	111.1	115.1	113.5	115.1	112.9	111.7	109.9	106.1	110.9	112.1	118.9	127.5	116.9
72	109.8	111.2	115.4	113.5	115.8	112.9	111.5	111.3	106.4	110.9	112.9	119.3	127.3	116.9
73	110.7	111.6	116.0	113.8	116.8	113.3	111.9	113.1	107.0	111.1	114.0	120.0	127.2	116.9
74	111.7	112.2	116.7	114.3	117.8	113.9	112.7	115.0	107.8	111.6	115.3	120.8	126.8	116.9
75	112.7	113.0	117.3	115.0	118.8	114.7	113.9	117.0	108.7	112.3	116.8	121.6	126.3	116.9
76	113.5	113.7	118.0	115.7	119.7	115.6	115.2	119.0	109.6	113.1	118.4	122.1	125.4	116.9
77	114.0	114.5	118.5	116.2	120.5	116.3	116.4	120.9	110.3	113.9	119.8	122.0	124.2	116.9
78	114.2	115.0	118.9	116.5	120.9	116.8	117.4	122.4	110.9	114.6	120.8	121.4	122.7	117.0
79	114.1	115.4	119.3	116.5	121.1	117.1	118.1	123.5	111.0	115.1	121.3	120.3	121.0	117.0
80	113.6	115.4	119.6	116.3	121.1	117.1	118.5	124.0	110.8	115.4	121.1	118.9	119.1	117.0
81	113.0	115.3	119.8	115.7	120.8	116.9	118.5	123.9	110.4	115.3	120.5	117.5	117.3	117.0
82	112.4	115.0	119.9	115.1	120.5	116.4	118.2	123.4	109.7	114.9	119.4	116.4	115.8	117.0
83	111.7	114.5	119.9	114.4	120.1	115.8	117.6	122.7	109.0	114.2	118.3	115.9	114.8	117.0
84	111.2	113.9	119.6	113.9	119.8	115.1	116.9	122.1	108.3	113.3	117.1	115.9	114.5	117.0
85	110.9	113.4	119.0	113.6	119.6	114.4	116.1	121.7	107.9	112.5	116.1	116.4	115.0	117.0
86	110.8	112.9	118.4	113.7	119.6	113.8	115.4	121.8	107.8	111.9	115.4	117.5	116.1	117.0
87	110.9	112.6	117.7	114.2	119.7	113.3	114.7	122.3	107.9	111.7	115.0	118.9	117.7	117.0
88	111.2	112.4	117.3	115.1	120.0	113.1	114.3	123.1	108.2	111.7	114.8	120.3	119.5	117.0
89	111.5	112.5	117.2	116.3	120.5	113.0	114.1	124.2	108.7	112.1	115.0	121.6	121.3	117.0
90	111.9	112.9	117.4	117.6	121.2	113.2	114.2	125.4	109.4	112.8	115.3	122.7	122.9	117.0
91	112.3	113.6	117.9	119.0	122.1	113.5	114.5	126.7	110.0	113.6	115.8	123.4	124.3	117.0
92	112.6	114.5	118.5	120.3	123.2	113.9	115.0	128.0	110.6	114.4	116.3	123.6	125.2	117.0
93	112.9	115.6	119.3	121.4	124.4	114.4	115.6	129.1	111.1	115.1	116.8	123.5	125.7	117.0
94	113.0	116.6	120.0	122.1	125.6	114.8	116.4	130.0	111.4	115.6	117.0	123.1	125.8	117.0
95	113.0	117.4	120.8	122.5	126.9	115.2	117.1	130.7	111.7	115.9	117.1	122.6	125.5	117.0
96	112.8	118.0	121.4	122.5	128.0	115.4	117.8	131.1	111.8	116.0	116.9	121.9	125.1	117.0
97	112.6	118.4	121.9	122.2	129.0	115.5	118.5	131.2	111.7	116.0	116.5	121.4	124.6	117.0
98	112.4	118.6	122.2	121.6	129.8	115.5	118.9	131.2	111.4	115.8	116.0	120.9	124.0	117.0
99	112.1	118.5	122.4	121.1	130.4	115.4	119.3	130.9	111.1	115.5	115.4	120.6	123.6	117.0
100	111.8	118.2	122.4	120.5	130.8	115.1	119.5	130.7	110.7	115.2	114.8	120.5	123.3	117.0
101	111.6	117.7	122.3	120.1	131.1	114.7	119.6	130.3	110.2	114.8	114.3	120.4	123.1	117.0