	Gait FB - IOR 1.c3d	Gait FB - IOR 1.c3d	Gait FB - IOR 1.c3d	Gait FB - IOR 2.c3d	Gait FB - IOR 6.c3d	Gait FB - IOR 6.c3d	Gait FB - IOR 6.c3d	Gait FB - IOR 7.c3d	Gait FB - IOR 7.c3d	Gait FB - IOR 7.c3d	Gait FB - IOR 8.c3d	Gait FB - IOR 8.c3d
	Right Biceps Femoris	Right Biceps Femoris	Right Biceps Femoris	Right Biceps Femoris	Right Biceps Femoris	Right Biceps Femoris	Right Biceps Femoris	Right Biceps Femoris	Right Biceps Femoris	Right Biceps Femoris	Right Biceps Femoris	Right Biceps Femoris
	ANALOG	ANALOG	ANALOG	ANALOG	ANALOG	ANALOG	ANALOG	ANALOG	ANALOG	ANALOG	ANALOG	ANALOG
	EMG_PROCESSED	EMG_PROCESSED	EMG_PROCESSED	EMG_PROCESSED	EMG_PROCESSED	EMG_PROCESSED	EMG_PROCESSED	EMG_PROCESSED	EMG_PROCESSED	EMG_PROCESSED	EMG_PROCESSED	EMG_PROCESSED
ITEM	X	X	X	X	X	X	X	X	X	X	X	X
1	8.1	6.4	13.2	4.3	5.5	7.3	6.8	7.3	5.3	7.4	4.1	6.4
2	7.1	12.9	18.5	5.9	5.7	6.5	7.0	7.1	5.2	8.9	4.9	7.6
3	8.8	15.5	21.9	9.1	7.0	7.7	5.4	7.4	7.0	16.9	5.6	13.0
4	10.5	28.3	25.7	9.3	7.3	7.9	11.8	11.0	13.3	20.9	16.5	20.3
5	17.8	30.5	26.4	11.7	10.1	8.5	12.0	12.3	14.0	22.0	19.0	21.7
6	19.4	40.0	29.7	13.3	10.6	11.8	12.4	12.7	16.2	23.8	19.4	22.1
7	26.0	41.1	28.9	18.9	12.9	12.3	12.2	14.3	19.0	24.4	19.5	22.8
8	26.3	43.6	26.8	25.9	13.7	15.1	14.7	18.2	20.2	21.8	19.8	22.3
9	30.0	51.6	26.3	39.2	14.7	15.5	15.1	18.4	17.9	17.5	15.1	14.3
10	30.9	49.6	25.4	39.8	14.9	15.7	12.2	18.5	16.3	13.7	12.7	11.8
11	30.8	49.5	26.8	39.9	13.9	17.5	16.5	17.6	13.9	12.2	11.2	12.1
12	28.9	46.6	22.2	46.6	14.0	15.6	17.6	16.2	12.1	7.8	11.4	9.6
13	26.4	46.4	21.8	44.6	11.8	15.1	16.8	11.7	7.1	8.8	10.9	11.3
14	26.0	38.6	16.8	41.3	11.0	12.1	16.2	11.9	6.6	6.6	11.0	11.0
15	18.3	32.1	15.8	32.4	8.4	11.8	15.6	6.1	6.5	5.8	8.4	10.3
16	17.1	24.9	9.6	33.0	5.9	9.1	13.9	6.1	4.5	6.0	5.7	9.5
17	12.3	18.0	9.6	32.2	6.9	5.8	8.1	6.1	4.3	6.8	5.9	8.4
18	9.8	16.4	7.6	21.7	5.4	5.4	8.0	7.6	3.6	5.6	5.2	5.9
19	8.7	11.6	7.1	30.3	8.0	4.6	6.3	7.0	2.9	5.7	5.1	6.2
20	7.8	6.3	7.1	29.9	8.4	4.9	7.2	6.6	3.2	5.8	6.2	7.0
21	7.9	5.7	7.4	32.2	9.1	4.7	7.7	6.4	4.8	5.6	7.1	8.3
22	7.0	5.3	8.0	31.3	9.0	5.1	7.9	6.3	5.5	5.3	6.9	14.1
23	6.4	4.8	6.3	30.8	8.5	5.0	9.5	5.4	5.9	4.8	6.6	14.1
24	6.4	5.8	6.0	25.7	8.3	5.0	10.3	5.0	6.4	6.0	6.8	16.1
25	5.2	6.1	5.2	17.7	6.8	3.5	9.5	4.6	6.7	6.2	5.7	16.1
26	4.9	5.5	5.1	13.1	6.5	3.8	8.1	4.8	6.1	6.2	5.0	15.6
27	4.0	5.4	4.0	6.6	5.4	3.8	8.2	5.3	5.9	6.1	4.3	10.0
28	4.1	6.0	3.4	5.6	5.4	3.5	6.2	4.6	5.6	6.0	3.9	9.4
29	3.9	5.6	3.3	3.4	5.6	3.8	5.6	4.7	6.2	5.5	3.5	5.9
30	4.4	5.0	3.5	3.0	5.3	4.0	4.1	4.9	6.3	4.4	3.9	4.0
31	4.1	4.9	3.5	4.1	4.7	4.2	4.4	4.2	6.2	4.3	3.7	3.9
32	4.7	5.6	3.5	4.4	4.9	4.7	4.4	4.2	6.0	4.5	3.7	3.5
33	5.0	5.5	3.9	4.2	6.0	10.9	4.1	4.4	5.6	4.4	3.9	3.2
34	4.7	5.2	3.6	4.3	6.4	11.4	3.6	5.0	4.8	4.0	4.3	3.1
35	5.1	5.1	3.9	4.6	6.1	12.4	3.5	5.3	4.0	4.1	4.3	3.4
36	4.9	5.0	4.1	4.6	6.0	12.5	3.0	5.5	2.4	3.9	4.6	3.5
37	4.8	4.2	4.1	4.0	6.5	12.5	4.1	5.5	2.4	3.5	4.8	5.0
38	4.2	3.7	4.2	4.3	7.2	12.3	4.4	5.4	3.0	3.4	4.5	4.9
39	4.0	3.8	3.9	4.4	6.8	7.4	4.7	4.6	3.5	3.3	4.8	5.8
40	4.1	4.6	4.0	3.8	7.0	6.7	5.2	4.3	4.0	3.4	5.6	5.7
41	3.5	5.3	4.1	4.0	7.0	5.6	5.6	5.9	4.5	3.5	5.6	5.6
42	3.3	5.9	5.5	4.1	6.9	5.5	5.3	5.9	4.7	3.5	5.5	5.1
43	3.8	5.8	5.3	3.5	6.4	5.0	4.9	6.9	5.1	4.0	5.6	4.9
44	4.2	5.6	5.8	3.7	5.9	5.5	4.3	7.0	4.9	3.9	5.3	4.1
45	5.2	5.5	6.6	3.6	5.6	5.3	4.0	7.4	4.6	5.6	4.6	3.2
46	5.2	4.2	6.5	3.9	5.0	6.4	2.4	5.9	4.7	5.8	4.2	3.5
47	5.1	3.0	6.9	3.6	5.7	6.3	2.4	6.1	4.9	5.8	7.3	3.0
48	4.9	3.5	6.4	4.1	7.2	6.2	2.8	5.5	5.2	5.9	7.9	3.1
49	4.8	3.5	6.5	4.7	10.7	6.5	2.9	6.9	6.8	6.1	8.4	3.4
50	3.3	3.3	6.0	5.2	11.2	6.3	3.2	6.6	7.1	4.7	8.3	4.6
51	4.3	3.2	5.2	5.1	13.8	5.9	3.3	6.9	6.8	4.1	8.5	5.0
52	6.0	2.9	5.2	4.7	14.6	7.3	3.9	6.5	6.7	3.9	7.6	5.0
53	6.4	3.3	3.8	4.5	14.4	7.5	4.3	6.4	6.4	4.5	5.2	5.1
54	6.8	2.9	3.7	4.3	13.2	9.4	4.4	5.2	5.5	4.5	4.5	5.1
55	6.9	3.2	3.5	2.8	10.9	9.1	4.3	5.8	4.3	4.5	4.4	4.8
56	6.5	4.5	3.9	3.2	10.2	9.8	4.3	5.7	4.9	5.0	4.2	4.3
57	5.9	4.7	4.1	3.6	5.5	8.8	3.9	5.6	4.8	5.9	3.9	6.6
58	4.6	4.7	4.7	3.7	4.4	8.5	4.5	6.0	5.0	5.8	4.1	8.1
59	4.4	5.4	4.4	4.6	4.3	7.6	3.9	5.8	5.3	5.3	4.5	8.0
60	3.5	5.3	5.0	5.9	4.2	5.6	4.6	5.3	5.7	5.2	4.6	7.9
61	3.6	5.1	4.9	6.4	5.4	5.7	4.5	4.6	5.5	4.5	5.3	7.9
62	4.2	5.1	5.7	7.0	5.3	5.1	4.7	4.7	5.5	3.6	5.1	5.8
63	4.9	5.9	6.3	7.1	6.0	5.3	5.8	4.8	5.8	4.3	5.1	4.3
64	5.3	6.1	6.2	8.5	6.6	5.3	5.9	4.9	5.2	4.4	5.9	3.3
65	5.3	6.0	6.4	8.9	6.9	5.7	9.3	5.1	5.2	4.8	6.7	5.2
66	5.7	6.8	6.0	9.3	6.7	7.1	9.6	5.4	5.2	5.1	7.0	5.7
67	5.2	7.1	8.4	9.2	5.9	7.7	10.4	5.7	5.2	5.5	6.9	5.6
68	5.8	7.5	7.7	9.3	5.4	7.7	10.6	5.6	4.9	5.8	7.0	5.9
69	5.8	7.4	7.4	9.6	4.5	7.4	10.0	6.6	5.3	5.8	6.1	8.3
70	5.9	7.8	7.4	8.7	4.3	7.6	9.2	6.1	5.2	5.8	5.6	7.5
71	5.8	8.0	7.5	7.8	4.1	8.1	6.5	5.9	5.3	5.7	3.7	7.3
72	5.8	7.2	6.8	6.9	4.1	7.5	6.2	5.9	4.7	5.1	3.6	7.1
73	6.0	6.4	3.8	6.2	4.1	6.8	4.0	5.7	4.7	4.8	3.7	7.4
74	6.4	6.0	3.6	5.5	4.7	6.9	3.7	5.7	4.1	5.0	4.4	6.2
75	6.5	5.6	3.4	4.7	4.7	7.0	3.9	6.5	3.8	5.3	4.5	4.8
76	6.3	3.9	3.0	3.6	5.4	6.7	4.3	6.5	4.1	6.1	4.4	4.8
77	6.2	5.7	2.9	3.6	5.4	5.2	4.4	18.4	3.8	8.6	4.2	6.4
78	6.1	5.5	2.9	3.7	5.4	5.2	5.7	19.7	3.6	11.0	4.3	8.6
79	5.2	6.3	3.7	2.6	6.0	5.4	6.0	19.9	4.3	12.0	4.4	9.5
80	3.6	6.4	3.9	2.8	6.2	5.6	6.9	19.6	4.5	11.8	4.5	11.5
81	3.5	6.2	4.2	3.9	6.3	6.5	8.6	19.7	4.3	12.8	4.8	11.7
82	3.8	6.0	5.2	3.8	8.1	7.3	9.9	10.3	4.9	12.4	4.9	12.0
83	4.1	4.4	5.1	4.1	8.2	7.3	9.9	7.8	4.9	11.1	5.1	10.0
84	4.4	3.9	5.1	4.0	8.5	7.2	9.2	7.4	5.3	9.7	4.6	10.1
85	4.7	2.9	5.3	3.9	9.5	6.7	9.1	7.6	6.4	8.9	4.3	6.7
86	4.6	3.3	5.0	4.2	9.9	6.1	7.6	6.4	6.4	7.5	3.7	6.4
87	4.9	3.6	4.3	3.9	10.8	5.1	5.9	6.3	6.4	6.6	3.9	5.7
88	4.9	3.3	3.8	4.3	9.5	4.0	4.4	5.2	6.3	4.9	3.7	5.9
89	5.7	3.0	3.3	4.2	9.5	3.9	6.1	5.1	6.3	5.5	3.5	4.6
90	5.7	3.4	3.2	4.5	9.4	3.8	6.2	3.5	4.5	5.6	3.9	4.7
91	5.6	3.6	3.7	4.5	7.3	4.5	6.5	3.2	4.7	5.4	3.9	4.5
92	6.9	3.0	4.0	4.7	7.0	6.0	6.8	3.0	4.5	6.5	4.6	4.6
93	7.3	3.5	3.9	4.7	5.4	5.9	6.7	3.9	4.6	6.6	4.4	4.0
94	7.4	4.1	4.3	4.6	5.1	6.7	5.8	4.1	3.9	6.8	4.6	3.8
95	6.9	4.5	4.6	5.3	5.4	6.8	5.3	4.1	4.7	6.0	4.1	4.0
96	6.9	3.9	5.1	5.5	5.5	6.8	5.8	4.6	4.4	5.9	4.5	4.0
97	6.8	4.2	5.4	6.0	5.6	6.5	6.0	7.8	5.1	5.0	4.6	4.3
98	5.4	4.3	9.1	6.1	5.1	5.8	7.2	10.3	6.2	6.2	5.0	4.2
99	8.3	4.1	12.5	6.3	6.2	5.5	7.5	10.2	8.6	5.7	8.3	4.8
100	8.5	5.1	13.7	6.3	6.2	6.4	10.9	10.3	10.7	7.1	8.5	5.4
101	9.3	4.9	14.5	5.4	5.8	7.2	11.5	11.1	10.7	7.4	9.2	6.5