	Gait FB - IOR 1.c3d	Gait FB - IOR 1.c3d	Gait FB - IOR 1.c3d	Gait FB - IOR 2.c3d	Gait FB - IOR 2.c3d	Gait FB - IOR 6.c3d	Gait FB - IOR 6.c3d	Gait FB - IOR 6.c3d	Gait FB - IOR 7.c3d	Gait FB - IOR 7.c3d	Gait FB - IOR 7.c3d	Gait FB - IOR 8.c3d	Gait FB - IOR 8.c3d	Static.c3d
	Right Thorax Angles	Right Thorax Angles	Right Thorax Angles	Right Thorax Angles	Right Thorax Angles	Right Thorax Angles	Right Thorax Angles	Right Thorax Angles	Right Thorax Angles	Right Thorax Angles	Right Thorax Angles	Right Thorax Angles	Right Thorax Angles	Right Thorax Angles
	LINK_MODEL_BASED	LINK_MODEL_BASED	LINK_MODEL_BASED	LINK_MODEL_BASED	LINK_MODEL_BASED	LINK_MODEL_BASED	LINK_MODEL_BASED	LINK_MODEL_BASED	LINK_MODEL_BASED	LINK_MODEL_BASED	LINK_MODEL_BASED	LINK_MODEL_BASED	LINK_MODEL_BASED	LINK_MODEL_BASED
	ORIGINAL	ORIGINAL	ORIGINAL	ORIGINAL	ORIGINAL	ORIGINAL	ORIGINAL	ORIGINAL	ORIGINAL	ORIGINAL	ORIGINAL	ORIGINAL	ORIGINAL	ORIGINAL
ITEM	Z	Z	Z	Z	Z	Z	Z	Z	Z	Z	Z	Z	Z	Z
1	0.7	-0.5	-1.0	-1.5	-0.9	0.1	-1.6	-1.7	-0.5	-2.8	-0.8	-2.1	-1.7	5.5
2	0.6	-0.7	-1.1	-1.4	-0.9	0.0	-1.8	-1.6	-0.4	-3.0	-0.8	-2.3	-1.9	5.5
3	0.5	-0.8	-1.2	-1.4	-0.9	-0.0	-1.9	-1.6	-0.4	-3.0	-0.9	-2.4	-2.1	5.5
4	0.6	-0.9	-1.2	-1.4	-0.9	0.0	-1.9	-1.5	-0.3	-3.0	-0.9	-2.4	-2.2	5.5
5	0.7	-0.9	-1.2	-1.3	-0.9	0.2	-1.9	-1.4	-0.2	-2.7	-0.8	-2.4	-2.2	5.5
6	0.8	-0.8	-1.1	-1.2	-0.8	0.4	-1.8	-1.3	-0.1	-2.4	-0.6	-2.3	-2.0	5.5
7	1.0	-0.6	-1.0	-1.0	-0.7	0.6	-1.7	-1.0	0.1	-1.9	-0.4	-2.0	-1.6	5.5
8	1.3	-0.3	-0.8	-0.7	-0.5	0.9	-1.5	-0.7	0.2	-1.3	-0.1	-1.6	-1.0	5.5
9	1.5	0.1	-0.6	-0.5	-0.4	1.1	-1.3	-0.3	0.4	-0.7	0.3	-1.2	-0.4	5.5
10	1.6	0.4	-0.5	-0.2	-0.2	1.3	-1.1	0.0	0.6	-0.2	0.5	-0.8	0.3	5.5
11	1.6	0.7	-0.4	0.0	-0.1	1.2	-1.0	0.3	0.7	0.3	0.7	-0.4	0.9	5.5
12	1.6	0.9	-0.4	0.2	0.0	1.1	-1.0	0.5	0.7	0.6	0.8	-0.1	1.3	5.5
13	1.4	1.0	-0.5	0.2	0.1	0.8	-1.0	0.6	0.7	0.7	0.7	-0.0	1.4	5.5
14	1.2	1.0	-0.6	0.2	0.1	0.4	-0.9	0.6	0.6	0.7	0.6	-0.1	1.4	5.5
15	1.0	0.9	-0.7	0.2	0.1	0.1	-0.9	0.5	0.5	0.7	0.5	-0.3	1.2	5.5
16	0.7	0.7	-0.8	0.1	-0.0	-0.3	-0.8	0.4	0.4	0.5	0.3	-0.5	0.9	5.5
17	0.5	0.6	-0.9	0.1	-0.0	-0.5	-0.6	0.4	0.2	0.4	0.3	-0.7	0.6	5.5
18	0.2	0.5	-0.9	0.0	-0.1	-0.6	-0.3	0.5	0.1	0.3	0.2	-0.8	0.4	5.5
19	0.1	0.5	-0.8	0.1	-0.0	-0.5	0.0	0.7	-0.0	0.2	0.3	-0.8	0.2	5.5
20	0.0	0.6	-0.7	0.1	0.0	-0.3	0.5	1.0	-0.1	0.3	0.5	-0.7	0.3	5.5
21	0.1	0.8	-0.5	0.2	0.2	-0.1	0.9	1.4	-0.1	0.5	0.7	-0.5	0.4	5.5
22	0.2	1.0	-0.2	0.3	0.4	0.3	1.4	1.8	-0.1	0.8	1.0	-0.2	0.7	5.5
23	0.5	1.4	0.1	0.5	0.7	0.7	1.9	2.4	0.1	1.2	1.4	0.2	1.1	5.5
24	0.8	1.8	0.5	0.8	1.1	1.2	2.3	2.9	0.3	1.7	1.8	0.7	1.6	5.5
25	1.3	2.2	0.9	1.1	1.5	1.7	2.8	3.5	0.6	2.2	2.2	1.3	2.1	5.5
26	1.8	2.6	1.2	1.5	1.9	2.2	3.2	4.0	1.0	2.8	2.7	1.8	2.6	5.5
27	2.2	3.0	1.6	1.9	2.3	2.6	3.6	4.6	1.5	3.3	3.1	2.4	3.2	5.5
28	2.7	3.5	2.0	2.3	2.7	3.1	4.0	5.2	1.9	3.8	3.6	2.9	3.7	5.5
29	3.1	3.9	2.3	2.7	3.1	3.4	4.3	5.8	2.4	4.3	4.0	3.3	4.2	5.5
30	3.5	4.2	2.7	3.0	3.4	3.8	4.6	6.3	2.8	4.6	4.4	3.8	4.6	5.5
31	3.8	4.5	3.0	3.3	3.8	4.1	4.9	6.8	3.2	5.0	4.8	4.2	5.0	5.5
32	4.1	4.8	3.3	3.6	4.0	4.4	5.2	7.3	3.5	5.3	5.2	4.6	5.4	5.5
33	4.3	5.1	3.6	3.9	4.3	4.7	5.5	7.8	3.8	5.6	5.6	4.9	5.8	5.5
34	4.6	5.3	3.9	4.2	4.6	4.9	5.8	8.2	4.0	5.9	5.9	5.3	6.1	5.5
35	4.7	5.6	4.3	4.5	4.9	5.2	6.1	8.6	4.3	6.1	6.3	5.6	6.4	5.5
36	4.9	5.9	4.6	4.7	5.2	5.5	6.4	9.0	4.5	6.4	6.7	6.0	6.7	5.5
37	5.1	6.1	4.9	5.0	5.5	5.8	6.7	9.3	4.8	6.6	7.2	6.2	7.1	5.5
38	5.3	6.3	5.2	5.3	5.8	6.2	7.0	9.6	5.0	6.8	7.6	6.5	7.4	5.5
39	5.5	6.6	5.5	5.5	6.1	6.5	7.3	9.9	5.3	7.0	7.9	6.7	7.8	5.5
40	5.7	6.7	5.8	5.8	6.5	6.8	7.6	10.2	5.6	7.2	8.2	6.9	8.2	5.5
41	5.9	6.9	6.1	6.0	6.8	7.1	7.9	10.4	5.9	7.4	8.5	7.0	8.6	5.5
42	6.1	7.1	6.4	6.3	7.1	7.3	8.2	10.6	6.2	7.5	8.6	7.1	8.9	5.5
43	6.4	7.3	6.7	6.6	7.5	7.5	8.5	10.7	6.4	7.6	8.7	7.2	9.2	5.5
44	6.6	7.4	6.9	6.9	7.9	7.7	8.8	10.8	6.7	7.6	8.8	7.3	9.5	5.5
45	6.7	7.5	7.1	7.3	8.2	7.9	9.0	10.8	6.9	7.6	8.8	7.4	9.6	5.5
46	6.9	7.6	7.2	7.6	8.5	8.0	9.2	10.7	7.1	7.5	8.9	7.5	9.7	5.5
47	7.1	7.7	7.3	7.9	8.8	8.1	9.4	10.7	7.3	7.5	8.9	7.6	9.7	5.5
48	7.2	7.8	7.4	8.1	8.9	8.2	9.5	10.8	7.4	7.5	9.1	7.8	9.7	5.5
49	7.4	8.0	7.5	8.4	9.0	8.3	9.7	10.8	7.5	7.5	9.2	8.0	9.8	5.5
50	7.6	8.1	7.5	8.6	9.0	8.4	9.8	11.0	7.5	7.6	9.4	8.3	10.0	5.5
51	7.8	8.3	7.6	8.8	9.0	8.6	10.0	11.1	7.6	7.8	9.7	8.6	10.2	5.5
52	7.9	8.6	7.6	8.9	8.9	8.8	10.3	11.2	7.6	8.1	9.8	8.8	10.4	5.5
53	8.1	8.8	7.7	9.0	8.8	8.9	10.5	11.2	7.7	8.4	9.9	9.0	10.5	5.5
54	8.1	9.0	7.8	9.1	8.6	9.1	10.6	11.1	7.7	8.6	9.8	9.1	10.4	5.5
55	8.0	9.0	7.8	9.0	8.4	9.1	10.7	10.9	7.6	8.7	9.5	9.0	10.0	5.5
56	7.8	9.0	7.7	8.8	8.2	9.0	10.6	10.4	7.5	8.6	8.9	8.7	9.4	5.5
57	7.5	8.8	7.6	8.5	7.9	8.8	10.3	9.8	7.2	8.4	8.2	8.3	8.6	5.5
58	7.2	8.4	7.4	8.1	7.7	8.6	9.9	9.1	6.9	8.0	7.4	7.9	7.6	5.5
59	6.9	8.0	7.1	7.7	7.5	8.4	9.4	8.3	6.6	7.5	6.6	7.4	6.7	5.5
60	6.7	7.6	6.7	7.3	7.3	8.1	8.8	7.5	6.2	7.0	5.8	7.1	5.9	5.5
61	6.6	7.2	6.4	6.9	7.2	8.0	8.3	6.8	6.0	6.6	5.2	6.8	5.3	5.5
62	6.5	6.9	6.1	6.7	7.2	7.9	7.7	6.3	5.7	6.2	4.7	6.6	5.0	5.5
63	6.6	6.7	5.9	6.5	7.2	7.8	7.3	5.9	5.6	6.1	4.4	6.6	4.8	5.5
64	6.7	6.6	5.9	6.3	7.1	7.8	6.9	5.8	5.6	6.0	4.3	6.6	4.8	5.5
65	6.8	6.6	5.8	6.3	7.1	7.8	6.6	5.8	5.6	6.1	4.3	6.6	4.9	5.5
66	6.8	6.6	5.9	6.2	7.0	7.8	6.4	5.8	5.7	6.3	4.3	6.6	5.0	5.5
67	6.8	6.6	5.9	6.1	6.9	7.7	6.2	6.0	5.8	6.5	4.4	6.6	5.1	5.5
68	6.8	6.5	6.0	6.1	6.7	7.6	6.0	6.1	5.8	6.7	4.4	6.6	5.2	5.5
69	6.6	6.5	6.0	6.0	6.4	7.4	5.8	6.1	5.9	6.9	4.4	6.6	5.2	5.5
70	6.4	6.4	6.0	5.8	6.2	7.2	5.6	6.0	5.9	6.9	4.4	6.4	5.1	5.5
71	6.1	6.3	6.0	5.6	5.9	6.9	5.4	5.9	5.9	6.9	4.2	6.2	4.9	5.5
72	5.7	6.2	5.8	5.3	5.5	6.6	5.1	5.6	5.7	6.7	4.0	5.8	4.6	5.5
73	5.3	5.9	5.6	4.9	5.1	6.2	4.8	5.2	5.5	6.3	3.7	5.3	4.2	5.5
74	4.9	5.6	5.4	4.5	4.7	5.8	4.4	4.8	5.1	5.8	3.3	4.7	3.6	5.5
75	4.4	5.2	5.1	4.0	4.3	5.3	4.0	4.2	4.7	5.2	2.8	4.0	3.0	5.5
76	4.0	4.8	4.7	3.6	3.8	4.8	3.5	3.6	4.2	4.6	2.3	3.2	2.4	5.5
77	3.5	4.4	4.4	3.1	3.4	4.3	3.0	3.0	3.7	3.9	1.7	2.5	1.7	5.5
78	3.1	4.0	4.0	2.7	3.0	3.8	2.6	2.3	3.2	3.3	1.2	1.7	1.1	5.5
79	2.7	3.6	3.6	2.3	2.6	3.3	2.1	1.7	2.8	2.7	0.8	1.0	0.6	5.5
80	2.4	3.2	3.2	2.0	2.3	2.9	1.7	1.2	2.4	2.1	0.4	0.3	0.1	5.5
81	2.1	2.8	2.9	1.6	1.9	2.4	1.3	0.7	2.1	1.6	0.0	-0.3	-0.3	5.5
82	1.8	2.4	2.6	1.4	1.6	2.0	1.0	0.2	1.8	1.2	-0.3	-0.9	-0.7	5.5
83	1.6	2.1	2.3	1.1	1.3	1.6	0.6	-0.2	1.5	0.8	-0.5	-1.4	-1.0	5.5
84	1.4	1.8	2.1	0.8	1.0	1.2	0.3	-0.6	1.2	0.5	-0.8	-1.9	-1.4	5.5
85	1.2	1.5	1.9	0.6	0.8	0.9	-0.0	-1.0	1.0	0.1	-1.1	-2.3	-1.6	5.5
86	1.1	1.3	1.8	0.4	0.6	0.6	-0.3	-1.3	0.8	-0.2	-1.4	-2.5	-1.9	5.5
87	1.0	1.0	1.6	0.2	0.4	0.3	-0.6	-1.5	0.5	-0.5	-1.7	-2.7	-2.0	5.5
88	0.8	0.8	1.5	-0.0	0.3	0.1	-0.9	-1.8	0.3	-0.8	-2.0	-2.8	-2.2	5.5
89	0.7	0.6	1.3	-0.2	0.2	-0.0	-1.1	-2.0	0.0	-1.0	-2.3	-2.9	-2.3	5.5
90	0.6	0.4	1.1	-0.3	0.1	-0.2	-1.3	-2.2	-0.2	-1.2	-2.5	-2.8	-2.3	5.5
91	0.5	0.2	0.9	-0.5	0.0	-0.3	-1.5	-2.4	-0.4	-1.3	-2.7	-2.7	-2.4	5.5
92	0.3	0.1	0.6	-0.6	-0.0	-0.4	-1.6	-2.5	-0.7	-1.3	-2.8	-2.5	-2.5	5.5
93	0.2	-0.0	0.4	-0.6	-0.1	-0.5	-1.7	-2.6	-0.9	-1.3	-2.9	-2.3	-2.6	5.5
94	0.1	-0.2	0.1	-0.7	-0.2	-0.6	-1.8	-2.7	-1.1	-1.2	-3.0	-2.1	-2.6	5.4
95	0.0	-0.3	-0.1	-0.7	-0.2	-0.7	-1.9	-2.8	-1.3	-1.1	-3.0	-1.9	-2.6	5.4
96	-0.1	-0.4	-0.3	-0.7	-0.3	-0.8	-1.9	-2.8	-1.6	-1.0	-3.0	-1.8	-2.6	5.4
97	-0.1	-0.5	-0.6	-0.7	-0.4	-1.0	-1.9	-2.8	-1.9	-0.9	-3.0	-1.6	-2.5	5.4
98	-0.2	-0.7	-0.8	-0.8	-0.4	-1.1	-1.8	-2.8	-2.1	-0.8	-3.0	-1.5	-2.5	5.4
99	-0.3	-0.8	-1.0	-0.8	-0.4	-1.3	-1.8	-2.9	-2.4	-0.8	-3.0	-1.5	-2.4	5.4
100	-0.4	-0.9	-1.2	-0.8	-0.4	-1.5	-1.7	-2.9	-2.6	-0.8	-3.0	-1.6	-2.4	5.4
101	-0.5	-1.0	-1.3	-0.9	-0.4	-1.6	-1.7	-2.9	-2.8	-0.8	-3.1	-1.7	-2.4	5.4