	Gait FB - IOR 1.c3d	Gait FB - IOR 2.c3d	Gait FB - IOR 6.c3d	Gait FB - IOR 7.c3d	Gait FB - IOR 8.c3d
	Right Ankle Power	Right Ankle Power	Right Ankle Power	Right Ankle Power	Right Ankle Power
	LINK_MODEL_BASED	LINK_MODEL_BASED	LINK_MODEL_BASED	LINK_MODEL_BASED	LINK_MODEL_BASED
	ORIGINAL	ORIGINAL	ORIGINAL	ORIGINAL	ORIGINAL
ITEM	X	X	X	X	X
1	-0.0110	-0.0391	-0.0033	-0.0122	-0.0098
2	-0.0131	-0.1342	-0.0163	0.0390	0.0124
3	-0.1472	-0.2389	-0.1943	-0.0799	-0.0829
4	-0.1833	-0.1411	-0.2735	-0.2434	-0.2274
5	-0.0455	-0.0792	-0.1104	-0.0577	-0.0985
6	-0.0025	-0.0233	-0.0425	0.0049	-0.0174
7	0.0005	-0.0000	-0.0015	0.0056	0.0041
8	-0.0285	-0.0212	-0.0001	-0.0256	-0.0042
9	-0.0700	-0.0652	-0.0219	-0.0702	-0.0381
10	-0.1099	-0.1044	-0.0541	-0.1144	-0.0598
11	-0.1379	-0.1305	-0.0873	-0.1535	-0.0656
12	-0.1624	-0.1561	-0.1194	-0.1875	-0.0721
13	-0.1856	-0.1903	-0.1507	-0.2163	-0.0802
14	-0.2044	-0.2262	-0.1782	-0.2384	-0.0916
15	-0.2232	-0.2589	-0.2036	-0.2555	-0.1052
16	-0.2436	-0.2833	-0.2272	-0.2716	-0.1202
17	-0.2635	-0.3018	-0.2483	-0.2918	-0.1349
18	-0.2815	-0.3195	-0.2669	-0.3158	-0.1485
19	-0.2943	-0.3330	-0.2817	-0.3420	-0.1620
20	-0.3019	-0.3379	-0.2913	-0.3664	-0.1747
21	-0.3090	-0.3355	-0.2967	-0.3835	-0.1869
22	-0.3163	-0.3334	-0.3008	-0.3913	-0.1972
23	-0.3213	-0.3443	-0.3038	-0.3902	-0.2028
24	-0.3231	-0.3688	-0.3040	-0.3873	-0.2028
25	-0.3243	-0.3993	-0.3016	-0.3855	-0.1982
26	-0.3275	-0.4279	-0.2994	-0.3848	-0.1936
27	-0.3332	-0.4522	-0.3017	-0.3843	-0.1916
28	-0.3404	-0.4718	-0.3099	-0.3838	-0.1924
29	-0.3478	-0.4894	-0.3219	-0.3837	-0.1961
30	-0.3556	-0.5072	-0.3349	-0.3866	-0.2028
31	-0.3658	-0.5296	-0.3474	-0.3923	-0.2126
32	-0.3790	-0.5548	-0.3595	-0.4014	-0.2259
33	-0.3947	-0.5806	-0.3733	-0.4144	-0.2408
34	-0.4113	-0.6067	-0.3882	-0.4326	-0.2576
35	-0.4297	-0.6348	-0.4053	-0.4565	-0.2759
36	-0.4544	-0.6714	-0.4289	-0.4843	-0.2970
37	-0.4863	-0.7151	-0.4647	-0.5146	-0.3222
38	-0.5292	-0.7656	-0.5166	-0.5508	-0.3538
39	-0.5840	-0.8259	-0.5857	-0.5987	-0.3923
40	-0.6525	-0.8972	-0.6707	-0.6596	-0.4369
41	-0.7374	-0.9822	-0.7704	-0.7328	-0.4894
42	-0.8356	-1.0813	-0.8841	-0.8195	-0.5523
43	-0.9422	-1.1940	-1.0076	-0.9221	-0.6294
44	-1.0477	-1.3080	-1.1330	-1.0400	-0.7265
45	-1.1444	-1.3937	-1.2490	-1.1629	-0.8506
46	-1.2193	-1.4150	-1.3375	-1.2748	-0.9963
47	-1.2564	-1.3376	-1.3741	-1.3572	-1.1443
48	-1.2377	-1.1371	-1.3302	-1.3900	-1.2634
49	-1.1449	-0.8067	-1.1825	-1.3466	-1.3109
50	-0.9621	-0.3687	-0.9157	-1.2071	-1.2419
51	-0.6821	0.1341	-0.5313	-0.9578	-1.0260
52	-0.3099	0.6514	-0.0529	-0.5973	-0.6489
53	0.1304	1.1360	0.4740	-0.1412	-0.1430
54	0.5936	1.5551	0.9906	0.3671	0.3973
55	1.0294	1.9077	1.4405	0.8640	0.8865
56	1.4054	2.2076	1.8040	1.3004	1.2914
57	1.7145	2.4596	2.0941	1.6635	1.6076
58	1.9487	2.5947	2.3311	1.9544	1.8218
59	2.0552	2.4619	2.4757	2.1577	1.9036
60	1.9353	1.9187	2.4107	2.2210	1.7850
61	1.4942	1.0147	1.9934	2.0261	1.3860
62	0.7900	0.2108	1.1587	1.4698	0.7481
63	0.1407	-0.0423	0.2780	0.6934	0.1554
64	-0.0860	-0.0861	-0.0301	0.1675	-0.0696
65	-0.1063	-0.0764	-0.0729	0.0411	-0.0858
66	-0.0811	-0.0498	-0.0767	-0.0406	-0.0520
67	-0.0486	-0.0140	-0.0518	-0.0553	-0.0265
68	-0.0131	0.0208	-0.0215	-0.0290	0.0064
69	0.0217	0.0427	0.0096	0.0064	0.0305
70	0.0442	0.0471	0.0327	0.0360	0.0375
71	0.0484	0.0389	0.0429	0.0492	0.0317
72	0.0393	0.0274	0.0413	0.0456	0.0227
73	0.0270	0.0188	0.0333	0.0340	0.0165
74	0.0182	0.0144	0.0247	0.0234	0.0138
75	0.0140	0.0129	0.0187	0.0172	0.0128
76	0.0127	0.0126	0.0155	0.0144	0.0124
77	0.0125	0.0126	0.0141	0.0130	0.0119
78	0.0125	0.0124	0.0135	0.0120	0.0113
79	0.0124	0.0119	0.0131	0.0109	0.0105
80	0.0121	0.0113	0.0127	0.0099	0.0097
81	0.0114	0.0104	0.0121	0.0090	0.0086
82	0.0105	0.0093	0.0113	0.0080	0.0070
83	0.0091	0.0077	0.0101	0.0066	0.0048
84	0.0070	0.0056	0.0083	0.0044	0.0017
85	0.0041	0.0027	0.0057	0.0010	-0.0026
86	0.0003	-0.0007	0.0024	-0.0039	-0.0081
87	-0.0045	-0.0045	-0.0019	-0.0096	-0.0143
88	-0.0096	-0.0079	-0.0071	-0.0149	-0.0200
89	-0.0140	-0.0100	-0.0125	-0.0185	-0.0239
90	-0.0166	-0.0104	-0.0168	-0.0190	-0.0244
91	-0.0161	-0.0088	-0.0186	-0.0161	-0.0209
92	-0.0126	-0.0060	-0.0171	-0.0108	-0.0144
93	-0.0073	-0.0031	-0.0126	-0.0054	-0.0073
94	-0.0026	-0.0010	-0.0068	-0.0017	-0.0022
95	-0.0003	-0.0001	-0.0020	-0.0002	-0.0001
96	-0.0000	-0.0000	0.0002	0.0002	0.0001
97	-0.0000	0.0001	0.0004	0.0007	-0.0000
98	0.0007	0.0006	0.0002	0.0017	0.0002
99	0.0005	0.0002	0.0007	0.0006	-0.0011
100	-0.0043	-0.0045	-0.0007	-0.0084	-0.0088
101	-0.0173	-0.0168	-0.0094	-0.0283	-0.0249