	Gait FB - IOR 1.c3d	Gait FB - IOR 2.c3d	Gait FB - IOR 6.c3d	Gait FB - IOR 7.c3d	Gait FB - IOR 8.c3d
	Right Knee Moment	Right Knee Moment	Right Knee Moment	Right Knee Moment	Right Knee Moment
	LINK_MODEL_BASED	LINK_MODEL_BASED	LINK_MODEL_BASED	LINK_MODEL_BASED	LINK_MODEL_BASED
	ORIGINAL	ORIGINAL	ORIGINAL	ORIGINAL	ORIGINAL
ITEM	X	X	X	X	X
1	-0.1588	-0.2235	-0.2022	-0.0209	-0.0362
2	-0.5099	-0.4041	-0.5847	-0.5172	-0.6031
3	-0.1293	-0.1968	-0.2453	-0.2885	-0.2185
4	-0.0117	-0.2985	-0.1051	-0.0461	0.0219
5	-0.2731	-0.3562	-0.3579	-0.3458	-0.3490
6	-0.3616	-0.4155	-0.3967	-0.3620	-0.5753
7	-0.5209	-0.5427	-0.4873	-0.4735	-0.6615
8	-0.6081	-0.6747	-0.5544	-0.5485	-0.7111
9	-0.6764	-0.8159	-0.6280	-0.6192	-0.7673
10	-0.6976	-0.8831	-0.6838	-0.6486	-0.7550
11	-0.6759	-0.8619	-0.7150	-0.6416	-0.7190
12	-0.6684	-0.8178	-0.7297	-0.6257	-0.7030
13	-0.6976	-0.8124	-0.7585	-0.6273	-0.7108
14	-0.7520	-0.8547	-0.7994	-0.6599	-0.7487
15	-0.8124	-0.9127	-0.8422	-0.7208	-0.7974
16	-0.8518	-0.9435	-0.8755	-0.7787	-0.8341
17	-0.8687	-0.9454	-0.8956	-0.8197	-0.8573
18	-0.8774	-0.9411	-0.9011	-0.8464	-0.8748
19	-0.8777	-0.9362	-0.8912	-0.8617	-0.8912
20	-0.8752	-0.9328	-0.8724	-0.8679	-0.9044
21	-0.8706	-0.9277	-0.8504	-0.8658	-0.9142
22	-0.8578	-0.9175	-0.8271	-0.8558	-0.9153
23	-0.8374	-0.9085	-0.8015	-0.8363	-0.9034
24	-0.8135	-0.8976	-0.7727	-0.8126	-0.8786
25	-0.7898	-0.8823	-0.7426	-0.7857	-0.8415
26	-0.7677	-0.8637	-0.7161	-0.7568	-0.7964
27	-0.7463	-0.8455	-0.6971	-0.7291	-0.7503
28	-0.7267	-0.8292	-0.6836	-0.7061	-0.7086
29	-0.7100	-0.8155	-0.6734	-0.6890	-0.6763
30	-0.6975	-0.8014	-0.6651	-0.6775	-0.6543
31	-0.6886	-0.7882	-0.6582	-0.6695	-0.6400
32	-0.6826	-0.7752	-0.6538	-0.6643	-0.6323
33	-0.6784	-0.7632	-0.6533	-0.6626	-0.6282
34	-0.6745	-0.7518	-0.6536	-0.6640	-0.6272
35	-0.6722	-0.7417	-0.6563	-0.6688	-0.6278
36	-0.6741	-0.7383	-0.6640	-0.6741	-0.6299
37	-0.6786	-0.7392	-0.6787	-0.6784	-0.6349
38	-0.6885	-0.7412	-0.6989	-0.6870	-0.6439
39	-0.6998	-0.7447	-0.7208	-0.7008	-0.6529
40	-0.7117	-0.7508	-0.7405	-0.7161	-0.6585
41	-0.7249	-0.7601	-0.7561	-0.7308	-0.6615
42	-0.7364	-0.7704	-0.7670	-0.7440	-0.6634
43	-0.7438	-0.7803	-0.7693	-0.7536	-0.6633
44	-0.7441	-0.7874	-0.7609	-0.7579	-0.6581
45	-0.7332	-0.7854	-0.7400	-0.7531	-0.6443
46	-0.7120	-0.7715	-0.7076	-0.7357	-0.6208
47	-0.6847	-0.7465	-0.6676	-0.7065	-0.5898
48	-0.6561	-0.7122	-0.6273	-0.6696	-0.5532
49	-0.6246	-0.6666	-0.5870	-0.6288	-0.5123
50	-0.5842	-0.6333	-0.5411	-0.5864	-0.4662
51	-0.5338	-0.5785	-0.4879	-0.5413	-0.4165
52	-0.4842	-0.5187	-0.4451	-0.4922	-0.3538
53	-0.4209	-0.4425	-0.3958	-0.4432	-0.3038
54	-0.3396	-0.3570	-0.3371	-0.3716	-0.2436
55	-0.2520	-0.2666	-0.2719	-0.2975	-0.1796
56	-0.1527	-0.1729	-0.2028	-0.2129	-0.1240
57	-0.0604	-0.0983	-0.1397	-0.1355	-0.0683
58	0.0122	-0.0449	-0.0889	-0.0652	-0.0194
59	0.0665	-0.0140	-0.0420	-0.0014	0.0095
60	0.0973	-0.0419	-0.0154	0.0349	0.0143
61	0.0817	-0.0262	-0.0469	0.0374	-0.0165
62	0.0528	0.0946	-0.0391	0.0073	-0.0203
63	0.1079	0.0883	0.0822	0.0611	0.0463
64	0.1096	0.0174	0.0884	0.1435	0.0783
65	0.0458	-0.0531	0.0163	0.0595	0.0258
66	-0.0306	-0.0347	-0.0559	-0.0329	-0.0629
67	-0.0370	-0.0205	-0.0415	-0.0393	-0.0405
68	-0.0237	-0.0082	-0.0296	-0.0271	-0.0233
69	-0.0100	0.0000	-0.0185	-0.0151	-0.0088
70	-0.0010	0.0052	-0.0109	-0.0065	0.0004
71	0.0043	0.0081	-0.0061	-0.0005	0.0037
72	0.0068	0.0083	-0.0029	0.0036	0.0019
73	0.0066	0.0054	-0.0006	0.0050	-0.0027
74	0.0037	0.0003	0.0003	0.0032	-0.0072
75	-0.0009	-0.0051	-0.0007	-0.0009	-0.0098
76	-0.0056	-0.0095	-0.0034	-0.0052	-0.0104
77	-0.0092	-0.0127	-0.0070	-0.0083	-0.0106
78	-0.0115	-0.0153	-0.0109	-0.0105	-0.0116
79	-0.0133	-0.0181	-0.0145	-0.0126	-0.0142
80	-0.0154	-0.0214	-0.0179	-0.0154	-0.0181
81	-0.0184	-0.0252	-0.0211	-0.0191	-0.0224
82	-0.0222	-0.0295	-0.0242	-0.0228	-0.0267
83	-0.0262	-0.0343	-0.0272	-0.0256	-0.0307
84	-0.0300	-0.0398	-0.0305	-0.0278	-0.0347
85	-0.0338	-0.0463	-0.0341	-0.0307	-0.0394
86	-0.0388	-0.0543	-0.0382	-0.0361	-0.0462
87	-0.0468	-0.0646	-0.0437	-0.0459	-0.0561
88	-0.0597	-0.0777	-0.0529	-0.0610	-0.0693
89	-0.0782	-0.0936	-0.0678	-0.0807	-0.0853
90	-0.1017	-0.1118	-0.0896	-0.1029	-0.1024
91	-0.1283	-0.1310	-0.1170	-0.1254	-0.1191
92	-0.1551	-0.1495	-0.1471	-0.1460	-0.1341
93	-0.1791	-0.1654	-0.1766	-0.1638	-0.1471
94	-0.1974	-0.1777	-0.2020	-0.1782	-0.1577
95	-0.2074	-0.1844	-0.2200	-0.1876	-0.1641
96	-0.2070	-0.1835	-0.2272	-0.1881	-0.1622
97	-0.1933	-0.1713	-0.2196	-0.1734	-0.1449
98	-0.1637	-0.1440	-0.1926	-0.1377	-0.1053
99	-0.1183	-0.1005	-0.1435	-0.0812	-0.0430
100	-0.0642	-0.0464	-0.0758	-0.0168	0.0281
101	-0.0156	0.0045	-0.0041	0.0325	0.0804