	Gait LB - IOR 1.c3d	Gait LB - IOR 1.c3d	Gait LB - IOR 2.c3d	Gait LB - IOR 3.c3d	Gait LB - IOR 4.c3d	Static.c3d
	Right Ankle Angles	Right Ankle Angles	Right Ankle Angles	Right Ankle Angles	Right Ankle Angles	Right Ankle Angles
	LINK_MODEL_BASED	LINK_MODEL_BASED	LINK_MODEL_BASED	LINK_MODEL_BASED	LINK_MODEL_BASED	LINK_MODEL_BASED
	ORIGINAL	ORIGINAL	ORIGINAL	ORIGINAL	ORIGINAL	ORIGINAL
ITEM	Y	Y	Y	Y	Y	Y
1	0.69	-4.66	-2.09	-4.05	-3.28	1.03
2	-0.67	-5.43	-2.97	-4.81	-4.17	1.03
3	-2.02	-6.19	-4.02	-5.51	-4.93	1.03
4	-3.20	-6.82	-5.07	-6.06	-5.47	1.03
5	-4.11	-7.23	-5.96	-6.41	-5.74	1.03
6	-4.74	-7.42	-6.60	-6.56	-5.80	1.03
7	-5.12	-7.43	-6.99	-6.56	-5.73	1.04
8	-5.35	-7.33	-7.16	-6.46	-5.61	1.04
9	-5.49	-7.18	-7.19	-6.30	-5.50	1.04
10	-5.61	-6.99	-7.11	-6.12	-5.43	1.04
11	-5.72	-6.80	-6.96	-5.93	-5.38	1.04
12	-5.81	-6.61	-6.76	-5.75	-5.33	1.04
13	-5.87	-6.43	-6.52	-5.59	-5.27	1.04
14	-5.88	-6.26	-6.27	-5.45	-5.18	1.04
15	-5.83	-6.08	-6.01	-5.32	-5.05	1.04
16	-5.74	-5.91	-5.76	-5.20	-4.90	1.04
17	-5.60	-5.74	-5.52	-5.08	-4.73	1.04
18	-5.44	-5.56	-5.29	-4.97	-4.55	1.04
19	-5.27	-5.39	-5.08	-4.85	-4.36	1.04
20	-5.08	-5.21	-4.87	-4.72	-4.16	1.04
21	-4.89	-5.03	-4.67	-4.58	-3.97	1.04
22	-4.71	-4.84	-4.48	-4.42	-3.79	1.04
23	-4.52	-4.64	-4.30	-4.25	-3.60	1.04
24	-4.34	-4.43	-4.12	-4.07	-3.43	1.04
25	-4.17	-4.21	-3.94	-3.88	-3.25	1.04
26	-3.99	-3.99	-3.78	-3.69	-3.08	1.04
27	-3.81	-3.76	-3.61	-3.48	-2.90	1.04
28	-3.64	-3.54	-3.45	-3.28	-2.72	1.04
29	-3.46	-3.32	-3.29	-3.08	-2.55	1.04
30	-3.29	-3.12	-3.12	-2.89	-2.38	1.04
31	-3.11	-2.92	-2.95	-2.72	-2.20	1.05
32	-2.93	-2.73	-2.76	-2.55	-2.03	1.05
33	-2.73	-2.52	-2.55	-2.40	-1.86	1.05
34	-2.52	-2.31	-2.33	-2.24	-1.69	1.05
35	-2.30	-2.07	-2.09	-2.07	-1.51	1.05
36	-2.05	-1.82	-1.84	-1.89	-1.33	1.05
37	-1.79	-1.55	-1.56	-1.67	-1.13	1.05
38	-1.51	-1.27	-1.27	-1.43	-0.91	1.05
39	-1.21	-0.97	-0.96	-1.15	-0.66	1.05
40	-0.89	-0.65	-0.64	-0.84	-0.37	1.05
41	-0.55	-0.30	-0.30	-0.49	-0.05	1.05
42	-0.20	0.07	0.07	-0.10	0.31	1.05
43	0.18	0.46	0.46	0.31	0.71	1.05
44	0.58	0.89	0.87	0.77	1.14	1.05
45	1.02	1.35	1.33	1.26	1.59	1.05
46	1.48	1.84	1.81	1.78	2.08	1.05
47	1.98	2.37	2.34	2.35	2.60	1.05
48	2.52	2.95	2.92	2.95	3.15	1.05
49	3.08	3.56	3.54	3.57	3.72	1.05
50	3.68	4.18	4.19	4.21	4.31	1.05
51	4.29	4.79	4.87	4.81	4.88	1.05
52	4.89	5.34	5.53	5.34	5.39	1.05
53	5.44	5.77	6.13	5.75	5.78	1.05
54	5.90	6.04	6.60	5.95	5.98	1.05
55	6.19	6.08	6.88	5.91	5.92	1.05
56	6.26	5.84	6.90	5.57	5.53	1.06
57	6.04	5.30	6.61	4.91	4.79	1.06
58	5.50	4.48	6.01	3.96	3.69	1.06
59	4.64	3.40	5.11	2.75	2.31	1.06
60	3.48	2.12	3.94	1.37	0.72	1.06
61	2.10	0.69	2.58	-0.10	-0.96	1.06
62	0.58	-0.82	1.11	-1.56	-2.62	1.06
63	-0.99	-2.32	-0.38	-2.93	-4.17	1.06
64	-2.50	-3.71	-1.75	-4.12	-5.51	1.06
65	-3.86	-4.92	-2.90	-5.09	-6.61	1.06
66	-4.98	-5.87	-3.75	-5.79	-7.42	1.06
67	-5.83	-6.55	-4.30	-6.24	-7.96	1.06
68	-6.42	-7.00	-4.59	-6.46	-8.29	1.06
69	-6.78	-7.24	-4.70	-6.49	-8.44	1.06
70	-6.96	-7.35	-4.69	-6.36	-8.47	1.06
71	-6.99	-7.36	-4.65	-6.11	-8.39	1.06
72	-6.93	-7.31	-4.60	-5.76	-8.20	1.06
73	-6.79	-7.23	-4.54	-5.35	-7.91	1.06
74	-6.60	-7.13	-4.47	-4.91	-7.55	1.06
75	-6.38	-7.03	-4.37	-4.48	-7.16	1.06
76	-6.16	-6.92	-4.25	-4.10	-6.76	1.06
77	-5.95	-6.82	-4.09	-3.78	-6.39	1.06
78	-5.74	-6.71	-3.90	-3.54	-6.05	1.06
79	-5.53	-6.59	-3.69	-3.37	-5.76	1.06
80	-5.32	-6.45	-3.49	-3.26	-5.50	1.07
81	-5.09	-6.29	-3.30	-3.19	-5.27	1.07
82	-4.84	-6.12	-3.15	-3.13	-5.08	1.07
83	-4.59	-5.92	-3.04	-3.06	-4.92	1.07
84	-4.33	-5.72	-2.97	-2.97	-4.81	1.07
85	-4.09	-5.49	-2.94	-2.87	-4.72	1.07
86	-3.88	-5.26	-2.93	-2.76	-4.66	1.07
87	-3.70	-5.02	-2.93	-2.69	-4.59	1.07
88	-3.54	-4.77	-2.95	-2.66	-4.50	1.07
89	-3.41	-4.50	-2.98	-2.69	-4.38	1.07
90	-3.30	-4.23	-3.01	-2.80	-4.20	1.07
91	-3.23	-3.97	-3.02	-2.97	-3.99	1.07
92	-3.18	-3.73	-3.02	-3.16	-3.73	1.07
93	-3.16	-3.53	-2.97	-3.33	-3.47	1.07
94	-3.17	-3.35	-2.86	-3.45	-3.24	1.07
95	-3.18	-3.20	-2.70	-3.47	-3.06	1.07
96	-3.20	-3.10	-2.51	-3.41	-2.98	1.07
97	-3.24	-3.10	-2.31	-3.29	-3.05	1.07
98	-3.36	-3.28	-2.17	-3.17	-3.31	1.07
99	-3.61	-3.68	-2.15	-3.11	-3.79	1.07
100	-4.05	-4.30	-2.32	-3.18	-4.50	1.07
101	-4.66	-5.02	-2.75	-3.40	-5.38	1.07