	Gait FB - IOR 1.c3d	Gait FB - IOR 1.c3d	Gait FB - IOR 1.c3d	Gait FB - IOR 2.c3d	Gait FB - IOR 2.c3d	Gait FB - IOR 6.c3d	Gait FB - IOR 6.c3d	Gait FB - IOR 6.c3d	Gait FB - IOR 7.c3d	Gait FB - IOR 7.c3d	Gait FB - IOR 7.c3d	Gait FB - IOR 8.c3d	Gait FB - IOR 8.c3d	Static.c3d
	Right Shoulder Angles	Right Shoulder Angles	Right Shoulder Angles	Right Shoulder Angles	Right Shoulder Angles	Right Shoulder Angles	Right Shoulder Angles	Right Shoulder Angles	Right Shoulder Angles	Right Shoulder Angles	Right Shoulder Angles	Right Shoulder Angles	Right Shoulder Angles	Right Shoulder Angles
	LINK_MODEL_BASED	LINK_MODEL_BASED	LINK_MODEL_BASED	LINK_MODEL_BASED	LINK_MODEL_BASED	LINK_MODEL_BASED	LINK_MODEL_BASED	LINK_MODEL_BASED	LINK_MODEL_BASED	LINK_MODEL_BASED	LINK_MODEL_BASED	LINK_MODEL_BASED	LINK_MODEL_BASED	LINK_MODEL_BASED
	ORIGINAL	ORIGINAL	ORIGINAL	ORIGINAL	ORIGINAL	ORIGINAL	ORIGINAL	ORIGINAL	ORIGINAL	ORIGINAL	ORIGINAL	ORIGINAL	ORIGINAL	ORIGINAL
ITEM	Z	Z	Z	Z	Z	Z	Z	Z	Z	Z	Z	Z	Z	Z
1	23.8	22.6	21.1	21.4	19.7	27.0	24.5	18.7	24.3	23.1	25.1	22.0	22.4	38.1
2	24.2	22.4	21.9	21.3	19.9	27.3	24.7	18.6	24.6	23.2	25.8	22.3	22.1	38.1
3	24.5	22.2	22.9	21.4	20.1	27.4	24.9	18.6	24.9	23.3	26.5	22.6	21.8	38.1
4	24.7	21.9	23.9	21.4	20.3	27.4	25.1	18.7	25.1	23.3	27.1	22.9	21.4	38.1
5	24.8	21.6	24.8	21.6	20.6	27.4	25.2	18.9	25.3	23.4	27.7	23.2	21.1	38.1
6	24.9	21.4	25.5	21.8	20.9	27.4	25.3	19.2	25.5	23.5	28.2	23.5	20.9	38.1
7	25.1	21.4	26.2	22.2	21.4	27.5	25.5	19.7	25.7	23.6	28.6	23.9	21.0	38.1
8	25.4	21.6	26.7	22.8	22.0	27.8	25.8	20.4	26.0	23.9	29.1	24.5	21.3	38.1
9	25.9	22.1	27.2	23.5	22.7	28.3	26.1	21.3	26.4	24.3	29.6	25.2	21.8	38.1
10	26.6	22.9	27.7	24.4	23.5	28.9	26.5	22.5	26.9	24.9	30.3	26.1	22.6	38.1
11	27.3	23.8	28.3	25.4	24.3	29.5	27.0	24.0	27.5	25.8	31.0	27.1	23.6	38.1
12	28.0	24.9	28.8	26.3	25.0	30.1	27.4	25.5	27.9	26.8	31.8	28.2	24.8	38.1
13	28.7	26.0	29.4	27.1	25.7	30.6	27.7	26.9	28.3	27.9	32.5	29.2	26.1	38.0
14	29.2	27.1	29.8	27.7	26.4	30.9	28.0	28.1	28.5	29.1	33.0	30.1	27.3	38.0
15	29.5	28.2	30.3	28.1	26.9	31.0	28.2	29.1	28.5	30.4	33.5	31.1	28.5	38.0
16	29.6	29.1	30.6	28.4	27.5	31.1	28.5	29.8	28.5	31.6	33.9	32.0	29.5	38.0
17	29.7	29.9	30.9	28.5	28.1	31.0	28.8	30.3	28.4	32.8	34.2	32.8	30.2	38.0
18	29.7	30.6	31.2	28.6	28.7	30.9	29.3	30.7	28.3	33.8	34.5	33.4	30.5	38.0
19	29.7	31.0	31.5	28.6	29.4	30.6	30.0	30.9	28.4	34.7	34.7	33.9	30.6	38.0
20	29.7	31.3	31.8	28.7	30.1	30.3	30.8	31.1	28.5	35.2	34.9	34.0	30.5	38.0
21	29.6	31.4	32.0	28.7	30.7	30.0	31.8	31.1	28.7	35.3	34.9	33.8	30.1	38.0
22	29.6	31.3	32.2	28.8	31.2	29.6	32.7	31.0	29.1	35.1	34.8	33.2	29.5	38.0
23	29.5	31.0	32.2	28.9	31.5	29.1	33.5	30.8	29.5	34.5	34.5	32.3	28.8	38.0
24	29.4	30.6	32.1	28.9	31.5	28.7	34.1	30.4	29.9	33.5	34.0	31.1	28.1	38.0
25	29.2	30.2	31.8	28.8	31.3	28.3	34.5	29.8	30.3	32.3	33.3	29.8	27.4	38.0
26	28.9	29.8	31.5	28.7	30.9	28.1	34.7	29.0	30.5	31.0	32.4	28.4	26.7	38.0
27	28.7	29.4	31.1	28.5	30.4	27.9	34.7	28.2	30.6	29.7	31.4	27.3	26.1	38.0
28	28.4	29.1	30.7	28.2	29.7	27.9	34.5	27.4	30.5	28.7	30.4	26.5	25.6	38.0
29	28.2	28.9	30.3	27.9	29.1	28.0	34.1	26.5	30.2	28.0	29.5	26.0	25.3	38.0
30	28.1	28.8	29.9	27.6	28.5	28.2	33.5	25.8	29.8	27.7	28.8	26.1	25.1	38.0
31	28.1	28.8	29.7	27.4	28.0	28.5	32.7	25.2	29.3	27.7	28.3	26.6	25.1	38.0
32	28.1	29.0	29.5	27.3	27.7	28.8	31.9	24.7	28.8	28.0	28.0	27.3	25.2	38.0
33	28.3	29.2	29.4	27.2	27.5	29.1	31.1	24.4	28.4	28.6	28.0	28.3	25.5	38.0
34	28.4	29.4	29.4	27.3	27.3	29.4	30.2	24.3	28.1	29.3	28.3	29.3	25.8	38.0
35	28.6	29.6	29.4	27.4	27.3	29.5	29.4	24.4	27.9	30.1	28.6	30.3	26.1	38.0
36	28.6	29.7	29.4	27.5	27.3	29.4	28.7	24.7	27.7	30.7	29.2	31.0	26.4	38.0
37	28.6	29.7	29.5	27.5	27.3	29.2	28.1	25.1	27.6	31.1	29.7	31.4	26.5	38.0
38	28.4	29.6	29.6	27.4	27.2	28.9	27.6	25.8	27.4	31.3	30.2	31.5	26.6	38.0
39	28.2	29.4	29.6	27.0	27.1	28.3	27.1	26.5	27.2	31.1	30.6	31.1	26.6	38.0
40	27.8	29.2	29.7	26.5	27.0	27.7	26.7	27.3	27.0	30.7	31.0	30.4	26.5	38.0
41	27.3	28.8	29.6	25.7	26.8	26.9	26.4	28.1	26.7	30.1	31.1	29.5	26.4	38.0
42	26.8	28.4	29.6	24.8	26.6	26.2	26.1	28.8	26.4	29.4	31.2	28.3	26.4	38.0
43	26.3	28.0	29.4	23.7	26.5	25.4	25.9	29.3	26.1	28.6	31.1	27.1	26.3	38.0
44	25.8	27.7	29.3	22.6	26.4	24.8	25.8	29.5	25.9	27.8	31.0	25.9	26.3	38.0
45	25.4	27.3	29.0	21.5	26.3	24.3	25.8	29.5	25.8	27.1	30.7	24.8	26.4	38.0
46	25.0	27.1	28.8	20.6	26.4	24.0	25.9	29.2	25.7	26.4	30.5	23.9	26.5	38.0
47	24.9	26.9	28.5	20.0	26.4	24.0	26.0	28.8	25.7	25.9	30.3	23.4	26.7	38.0
48	24.9	26.8	28.3	19.8	26.6	24.3	26.3	28.3	25.9	25.6	30.2	23.2	27.1	38.0
49	25.2	26.8	28.1	20.2	26.8	24.9	26.7	27.9	26.2	25.5	30.3	23.6	27.6	38.0
50	25.7	26.9	28.0	21.0	27.0	25.9	27.2	27.7	26.7	25.6	30.6	24.5	28.2	38.0
51	26.5	27.2	28.1	22.4	27.3	27.1	27.8	27.8	27.3	26.1	31.1	25.9	29.1	38.0
52	27.5	27.7	28.4	24.2	27.7	28.6	28.5	28.2	28.0	26.9	31.9	27.7	30.2	38.0
53	28.6	28.3	28.8	26.1	28.0	30.2	29.3	28.7	28.9	27.9	32.9	29.9	31.5	38.0
54	29.8	29.2	29.3	28.0	28.3	31.7	30.2	29.3	29.9	29.3	34.0	32.0	32.9	38.0
55	30.7	30.1	29.8	29.6	28.6	33.1	31.1	29.8	30.8	30.8	35.0	34.0	34.3	38.0
56	31.5	31.1	30.3	30.8	28.8	34.2	31.9	30.2	31.6	32.3	35.9	35.7	35.7	38.0
57	31.9	31.9	30.7	31.5	28.9	35.1	32.6	30.4	32.3	33.8	36.6	36.8	36.8	38.0
58	32.1	32.6	31.0	31.7	29.0	35.6	33.2	30.6	32.7	35.0	37.0	37.5	37.7	37.9
59	32.1	33.2	31.3	31.7	29.2	35.9	33.5	30.6	32.9	35.8	37.2	37.7	38.4	37.9
60	32.1	33.6	31.4	31.4	29.6	36.0	33.7	30.7	33.0	36.4	37.3	37.7	38.8	37.9
61	32.3	33.9	31.6	31.2	30.3	36.1	33.9	31.0	33.2	36.8	37.2	37.6	39.1	37.9
62	32.7	34.3	31.8	31.2	31.3	36.2	34.1	31.3	33.5	37.1	37.1	37.6	39.2	37.9
63	33.3	34.8	32.2	31.4	32.6	36.5	34.3	31.9	33.9	37.4	37.0	37.9	39.1	37.9
64	34.2	35.4	32.7	32.0	34.1	37.0	34.8	32.6	34.6	37.7	36.9	38.4	39.0	37.9
65	35.3	36.1	33.4	32.8	35.8	37.7	35.5	33.6	35.5	38.2	36.9	39.3	38.8	37.9
66	36.6	36.9	34.3	33.8	37.5	38.7	36.4	34.6	36.6	38.9	36.8	40.5	38.7	37.9
67	38.1	37.7	35.2	35.0	39.2	39.9	37.6	35.8	37.7	39.8	36.8	41.9	38.6	37.9
68	39.5	38.7	36.3	36.3	40.6	41.2	39.0	36.8	38.9	40.8	36.8	43.4	38.7	37.9
69	40.8	39.6	37.4	37.4	41.8	42.6	40.4	37.8	40.2	41.9	36.9	44.7	38.9	37.9
70	41.7	40.4	38.4	38.4	42.6	43.9	41.9	38.5	41.3	43.0	37.0	45.7	39.2	37.9
71	42.0	41.0	39.4	39.1	43.0	44.9	43.1	39.0	42.3	44.0	37.1	46.2	39.3	37.9
72	41.8	41.3	40.2	39.3	42.9	45.4	43.9	39.1	43.0	44.6	37.2	46.1	39.3	37.9
73	40.8	41.4	40.8	38.9	42.3	45.4	44.2	38.8	43.2	44.8	37.0	45.4	39.0	37.9
74	39.4	41.0	41.2	38.1	41.3	44.8	43.9	38.1	42.9	44.4	36.5	44.0	38.4	37.9
75	37.5	40.2	41.3	36.7	40.0	43.6	42.8	36.9	42.1	43.3	35.7	42.1	37.4	37.9
76	35.5	39.1	41.1	35.1	38.4	41.9	41.2	35.2	40.7	41.7	34.5	40.0	35.9	37.9
77	33.6	37.7	40.5	33.2	36.8	39.9	39.2	33.1	38.9	39.4	33.0	37.8	34.0	37.9
78	31.8	36.2	39.6	31.4	35.1	37.8	36.9	30.7	36.9	36.7	31.5	35.8	31.8	37.9
79	30.3	34.8	38.3	29.8	33.6	35.6	34.6	28.4	34.9	33.8	30.0	34.0	29.5	37.9
80	29.1	33.4	36.7	28.4	32.3	33.6	32.3	26.3	33.1	31.0	28.6	32.7	27.3	37.9
81	28.4	32.3	34.8	27.4	31.2	31.8	30.3	24.6	31.7	28.5	27.3	31.6	25.3	37.9
82	27.9	31.3	32.9	26.7	30.3	30.4	28.6	23.3	30.6	26.6	26.3	30.7	23.7	37.9
83	27.8	30.6	31.2	26.2	29.5	29.3	27.2	22.4	29.8	25.3	25.3	29.9	22.3	37.9
84	27.8	30.1	29.7	26.0	28.9	28.6	26.3	21.7	29.4	24.7	24.6	29.1	21.1	37.9
85	27.9	29.8	28.6	25.9	28.4	28.2	25.7	21.2	29.2	24.7	23.9	28.2	19.9	37.9
86	27.9	29.6	28.0	25.7	28.0	28.0	25.5	20.8	29.1	24.9	23.2	27.3	18.9	37.9
87	27.8	29.5	27.5	25.5	27.7	27.9	25.5	20.4	29.0	25.3	22.6	26.3	17.9	37.9
88	27.6	29.4	27.3	25.1	27.2	27.9	25.6	20.0	28.8	25.7	21.9	25.3	16.9	37.9
89	27.1	29.2	27.0	24.5	26.7	27.8	25.7	19.5	28.6	25.9	21.2	24.4	16.1	37.9
90	26.6	28.7	26.7	23.8	26.0	27.6	25.7	19.0	28.2	25.9	20.5	23.6	15.3	37.9
91	25.9	27.9	26.2	23.0	25.1	27.4	25.6	18.5	27.7	25.7	19.8	22.9	14.6	37.9
92	25.1	26.8	25.6	22.1	24.2	27.0	25.3	18.0	27.0	25.3	19.0	22.4	14.1	37.9
93	24.4	25.4	24.9	21.2	23.1	26.5	24.8	17.4	26.3	24.8	18.4	22.1	13.7	37.9
94	23.8	24.1	24.0	20.5	22.1	25.9	24.1	17.0	25.6	24.3	17.9	21.9	13.5	37.9
95	23.3	22.9	23.0	19.9	21.2	25.4	23.2	16.6	24.8	23.9	17.5	22.0	13.4	37.9
96	22.9	21.8	22.1	19.4	20.4	24.9	22.2	16.4	24.2	23.6	17.3	22.1	13.5	37.9
97	22.8	21.1	21.2	19.2	19.7	24.5	21.2	16.2	23.7	23.5	17.3	22.3	13.8	37.9
98	22.7	20.6	20.4	19.2	19.3	24.3	20.3	16.1	23.3	23.6	17.5	22.5	14.2	37.9
99	22.7	20.4	19.8	19.3	19.1	24.2	19.6	16.1	23.1	23.9	17.8	22.6	14.6	37.9
100	22.7	20.6	19.4	19.5	18.9	24.3	19.0	16.2	23.1	24.4	18.2	22.5	15.0	37.9
101	22.6	21.1	19.3	19.7	18.9	24.5	18.7	16.2	23.1	25.1	18.7	22.4	15.3	37.9