	Gait FB - IOR 1.c3d	Gait FB - IOR 2.c3d	Gait FB - IOR 6.c3d	Gait FB - IOR 7.c3d	Gait FB - IOR 8.c3d
	Right GRF	Right GRF	Right GRF	Right GRF	Right GRF
	LINK_MODEL_BASED	LINK_MODEL_BASED	LINK_MODEL_BASED	LINK_MODEL_BASED	LINK_MODEL_BASED
	ORIGINAL	ORIGINAL	ORIGINAL	ORIGINAL	ORIGINAL
ITEM	X	X	X	X	X
1	-0.0076	-0.0099	-0.0034	0.0003	-0.0018
2	-0.0313	-0.0317	-0.0235	-0.0091	-0.0274
3	-0.0443	-0.0472	-0.0397	-0.0312	-0.0468
4	-0.0388	-0.0486	-0.0355	-0.0347	-0.0332
5	-0.0278	-0.0389	-0.0263	-0.0248	-0.0231
6	-0.0153	-0.0234	-0.0138	-0.0152	-0.0178
7	-0.0060	-0.0109	0.0090	0.0114	-0.0082
8	-0.0094	-0.0076	0.0240	0.0344	-0.0169
9	-0.0181	-0.0054	0.0169	0.0265	-0.0334
10	-0.0127	0.0035	0.0115	0.0117	-0.0271
11	0.0093	0.0244	0.0217	0.0168	-0.0000
12	0.0347	0.0496	0.0426	0.0377	0.0280
13	0.0512	0.0669	0.0580	0.0570	0.0446
14	0.0557	0.0719	0.0603	0.0620	0.0481
15	0.0534	0.0687	0.0560	0.0578	0.0464
16	0.0489	0.0618	0.0519	0.0543	0.0428
17	0.0419	0.0507	0.0475	0.0508	0.0345
18	0.0326	0.0350	0.0413	0.0443	0.0222
19	0.0244	0.0199	0.0357	0.0363	0.0109
20	0.0206	0.0116	0.0337	0.0316	0.0043
21	0.0215	0.0116	0.0348	0.0319	0.0025
22	0.0253	0.0173	0.0374	0.0351	0.0048
23	0.0304	0.0257	0.0408	0.0400	0.0097
24	0.0353	0.0337	0.0437	0.0450	0.0150
25	0.0383	0.0396	0.0449	0.0479	0.0189
26	0.0386	0.0432	0.0438	0.0476	0.0204
27	0.0361	0.0442	0.0411	0.0438	0.0193
28	0.0315	0.0427	0.0373	0.0380	0.0162
29	0.0265	0.0392	0.0334	0.0320	0.0125
30	0.0222	0.0352	0.0301	0.0274	0.0094
31	0.0194	0.0311	0.0279	0.0250	0.0075
32	0.0184	0.0276	0.0267	0.0250	0.0068
33	0.0190	0.0251	0.0264	0.0262	0.0075
34	0.0206	0.0237	0.0267	0.0278	0.0091
35	0.0226	0.0236	0.0271	0.0289	0.0110
36	0.0243	0.0243	0.0273	0.0292	0.0128
37	0.0254	0.0253	0.0271	0.0285	0.0143
38	0.0258	0.0263	0.0265	0.0270	0.0151
39	0.0254	0.0271	0.0255	0.0251	0.0154
40	0.0244	0.0274	0.0244	0.0231	0.0152
41	0.0230	0.0273	0.0234	0.0212	0.0147
42	0.0213	0.0269	0.0224	0.0196	0.0141
43	0.0197	0.0264	0.0214	0.0182	0.0134
44	0.0183	0.0261	0.0204	0.0170	0.0128
45	0.0173	0.0257	0.0196	0.0159	0.0125
46	0.0167	0.0252	0.0191	0.0150	0.0126
47	0.0165	0.0248	0.0189	0.0141	0.0130
48	0.0164	0.0248	0.0189	0.0134	0.0136
49	0.0165	0.0253	0.0193	0.0128	0.0145
50	0.0167	0.0262	0.0199	0.0127	0.0155
51	0.0170	0.0276	0.0207	0.0131	0.0167
52	0.0175	0.0293	0.0217	0.0136	0.0180
53	0.0182	0.0308	0.0228	0.0140	0.0192
54	0.0192	0.0322	0.0243	0.0142	0.0206
55	0.0207	0.0336	0.0260	0.0146	0.0223
56	0.0221	0.0352	0.0280	0.0151	0.0245
57	0.0235	0.0370	0.0301	0.0160	0.0270
58	0.0249	0.0391	0.0320	0.0174	0.0296
59	0.0265	0.0412	0.0338	0.0193	0.0322
60	0.0283	0.0434	0.0356	0.0215	0.0347
61	0.0305	0.0457	0.0372	0.0236	0.0373
62	0.0334	0.0481	0.0388	0.0256	0.0401
63	0.0366	0.0506	0.0406	0.0276	0.0431
64	0.0398	0.0533	0.0425	0.0297	0.0461
65	0.0430	0.0561	0.0444	0.0322	0.0491
66	0.0460	0.0591	0.0464	0.0349	0.0517
67	0.0490	0.0623	0.0487	0.0375	0.0536
68	0.0518	0.0653	0.0510	0.0396	0.0549
69	0.0543	0.0676	0.0530	0.0413	0.0567
70	0.0563	0.0691	0.0548	0.0427	0.0597
71	0.0580	0.0700	0.0565	0.0443	0.0637
72	0.0601	0.0703	0.0584	0.0462	0.0676
73	0.0624	0.0705	0.0604	0.0482	0.0708
74	0.0648	0.0706	0.0621	0.0501	0.0732
75	0.0662	0.0708	0.0628	0.0513	0.0745
76	0.0658	0.0712	0.0619	0.0511	0.0749
77	0.0639	0.0707	0.0594	0.0493	0.0740
78	0.0609	0.0684	0.0546	0.0461	0.0709
79	0.0564	0.0653	0.0482	0.0407	0.0647
80	0.0498	0.0629	0.0414	0.0328	0.0562
81	0.0428	0.0601	0.0346	0.0254	0.0479
82	0.0364	0.0567	0.0286	0.0188	0.0396
83	0.0297	0.0538	0.0243	0.0113	0.0318
84	0.0222	0.0509	0.0199	0.0039	0.0264
85	0.0146	0.0465	0.0153	-0.0019	0.0235
86	0.0081	0.0406	0.0112	-0.0055	0.0222
87	0.0030	0.0346	0.0080	-0.0073	0.0213
88	-0.0003	0.0293	0.0056	-0.0082	0.0191
89	-0.0017	0.0247	0.0037	-0.0096	0.0156
90	-0.0024	0.0207	0.0022	-0.0113	0.0120
91	-0.0026	0.0172	0.0009	-0.0119	0.0099
92	-0.0017	0.0141	0.0001	-0.0104	0.0092
93	0.0001	0.0116	0.0006	-0.0073	0.0084
94	0.0024	0.0098	0.0029	-0.0029	0.0078
95	0.0052	0.0089	0.0061	0.0025	0.0077
96	0.0076	0.0088	0.0088	0.0065	0.0083
97	0.0078	0.0086	0.0091	0.0064	0.0081
98	0.0061	0.0075	0.0071	0.0044	0.0064
99	0.0047	0.0059	0.0034	0.0024	0.0041
100	0.0033	0.0034	-0.0002	-0.0001	-0.0001
101	0.0000	0.0000	0.0000	0.0000	0.0000