	Gait LB - IOR 1.c3d	Gait LB - IOR 1.c3d	Gait LB - IOR 2.c3d	Gait LB - IOR 3.c3d	Gait LB - IOR 4.c3d	Static.c3d
	Right Hip Angles	Right Hip Angles	Right Hip Angles	Right Hip Angles	Right Hip Angles	Right Hip Angles
	LINK_MODEL_BASED	LINK_MODEL_BASED	LINK_MODEL_BASED	LINK_MODEL_BASED	LINK_MODEL_BASED	LINK_MODEL_BASED
	ORIGINAL	ORIGINAL	ORIGINAL	ORIGINAL	ORIGINAL	ORIGINAL
ITEM	Y	Y	Y	Y	Y	Y
1	3.49	3.70	3.06	2.05	2.84	1.68
2	3.79	3.82	3.31	2.31	3.07	1.68
3	4.11	3.95	3.62	2.59	3.32	1.68
4	4.45	4.11	3.99	2.90	3.59	1.68
5	4.81	4.31	4.41	3.25	3.88	1.68
6	5.18	4.55	4.87	3.64	4.19	1.68
7	5.55	4.84	5.34	4.08	4.52	1.68
8	5.90	5.14	5.79	4.54	4.86	1.68
9	6.22	5.44	6.20	5.01	5.20	1.68
10	6.52	5.72	6.55	5.46	5.52	1.68
11	6.78	5.94	6.82	5.88	5.83	1.68
12	7.00	6.10	7.01	6.24	6.10	1.68
13	7.17	6.19	7.12	6.54	6.34	1.68
14	7.30	6.23	7.17	6.76	6.53	1.68
15	7.36	6.21	7.16	6.91	6.68	1.68
16	7.37	6.14	7.10	6.98	6.77	1.68
17	7.33	6.04	7.00	6.99	6.81	1.68
18	7.23	5.92	6.86	6.93	6.81	1.68
19	7.09	5.77	6.70	6.82	6.76	1.68
20	6.92	5.61	6.52	6.68	6.67	1.68
21	6.73	5.45	6.34	6.50	6.54	1.68
22	6.54	5.28	6.16	6.31	6.40	1.68
23	6.34	5.12	5.99	6.11	6.23	1.68
24	6.14	4.95	5.84	5.90	6.04	1.68
25	5.94	4.78	5.69	5.69	5.85	1.68
26	5.75	4.61	5.57	5.47	5.67	1.68
27	5.57	4.44	5.46	5.26	5.49	1.68
28	5.41	4.28	5.37	5.05	5.32	1.68
29	5.25	4.14	5.30	4.86	5.17	1.68
30	5.12	4.02	5.25	4.69	5.04	1.68
31	5.01	3.92	5.23	4.55	4.93	1.68
32	4.92	3.85	5.24	4.43	4.84	1.68
33	4.85	3.79	5.26	4.35	4.77	1.68
34	4.81	3.76	5.29	4.30	4.72	1.68
35	4.78	3.74	5.34	4.28	4.68	1.68
36	4.77	3.73	5.39	4.28	4.66	1.68
37	4.78	3.74	5.45	4.29	4.66	1.68
38	4.80	3.75	5.50	4.32	4.68	1.68
39	4.82	3.77	5.55	4.34	4.71	1.68
40	4.85	3.79	5.60	4.36	4.74	1.68
41	4.86	3.79	5.63	4.38	4.77	1.68
42	4.86	3.78	5.63	4.37	4.78	1.68
43	4.83	3.74	5.61	4.35	4.79	1.68
44	4.77	3.67	5.56	4.29	4.77	1.68
45	4.67	3.56	5.46	4.20	4.71	1.68
46	4.54	3.40	5.31	4.08	4.61	1.68
47	4.37	3.20	5.10	3.90	4.46	1.68
48	4.16	2.96	4.83	3.68	4.25	1.68
49	3.91	2.68	4.49	3.40	3.97	1.68
50	3.62	2.35	4.08	3.06	3.63	1.68
51	3.29	1.97	3.61	2.65	3.22	1.68
52	2.90	1.53	3.07	2.18	2.76	1.68
53	2.47	1.02	2.48	1.63	2.25	1.68
54	1.97	0.43	1.83	1.03	1.68	1.68
55	1.41	-0.24	1.13	0.36	1.06	1.68
56	0.79	-1.01	0.38	-0.36	0.39	1.68
57	0.10	-1.86	-0.40	-1.11	-0.33	1.68
58	-0.64	-2.78	-1.20	-1.88	-1.09	1.68
59	-1.41	-3.73	-2.00	-2.63	-1.86	1.68
60	-2.19	-4.64	-2.77	-3.33	-2.63	1.68
61	-2.93	-5.46	-3.46	-3.93	-3.36	1.68
62	-3.60	-6.10	-4.05	-4.41	-4.00	1.68
63	-4.16	-6.51	-4.50	-4.74	-4.51	1.68
64	-4.56	-6.66	-4.78	-4.89	-4.88	1.68
65	-4.79	-6.55	-4.89	-4.88	-5.08	1.68
66	-4.84	-6.19	-4.83	-4.72	-5.11	1.68
67	-4.72	-5.64	-4.61	-4.42	-4.99	1.68
68	-4.45	-4.94	-4.27	-4.03	-4.74	1.68
69	-4.05	-4.15	-3.81	-3.56	-4.37	1.68
70	-3.55	-3.33	-3.29	-3.03	-3.92	1.68
71	-3.00	-2.52	-2.71	-2.48	-3.41	1.68
72	-2.41	-1.74	-2.11	-1.92	-2.88	1.68
73	-1.82	-1.04	-1.50	-1.35	-2.33	1.68
74	-1.24	-0.42	-0.90	-0.81	-1.79	1.68
75	-0.69	0.11	-0.33	-0.28	-1.27	1.68
76	-0.18	0.55	0.20	0.22	-0.78	1.68
77	0.27	0.90	0.68	0.68	-0.33	1.68
78	0.67	1.19	1.11	1.11	0.08	1.68
79	1.01	1.41	1.49	1.49	0.44	1.68
80	1.27	1.59	1.82	1.82	0.74	1.68
81	1.48	1.72	2.09	2.11	0.99	1.68
82	1.62	1.82	2.32	2.35	1.18	1.68
83	1.70	1.87	2.49	2.55	1.32	1.68
84	1.74	1.89	2.62	2.70	1.42	1.68
85	1.76	1.86	2.70	2.82	1.47	1.68
86	1.75	1.81	2.74	2.92	1.49	1.68
87	1.74	1.74	2.75	2.99	1.50	1.68
88	1.75	1.68	2.72	3.06	1.49	1.68
89	1.79	1.65	2.68	3.12	1.50	1.68
90	1.86	1.66	2.63	3.17	1.52	1.68
91	1.97	1.75	2.58	3.22	1.57	1.68
92	2.12	1.91	2.55	3.28	1.66	1.68
93	2.31	2.13	2.53	3.33	1.78	1.68
94	2.51	2.40	2.55	3.39	1.94	1.68
95	2.72	2.68	2.58	3.45	2.12	1.68
96	2.92	2.95	2.64	3.52	2.31	1.68
97	3.12	3.20	2.71	3.60	2.52	1.68
98	3.29	3.42	2.80	3.70	2.72	1.68
99	3.44	3.61	2.91	3.83	2.92	1.68
100	3.58	3.80	3.03	4.01	3.12	1.68
101	3.70	3.98	3.16	4.24	3.31	1.68