	Gait LB - IOR 5.c3d	Gait LB - IOR 5.c3d	Gait LB - IOR 6.c3d	Gait LB - IOR 7.c3d	Gait LB - IOR 8.c3d	Static.c3d
	Right Hip Angles	Right Hip Angles	Right Hip Angles	Right Hip Angles	Right Hip Angles	Right Hip Angles
	LINK_MODEL_BASED	LINK_MODEL_BASED	LINK_MODEL_BASED	LINK_MODEL_BASED	LINK_MODEL_BASED	LINK_MODEL_BASED
	ORIGINAL	ORIGINAL	ORIGINAL	ORIGINAL	ORIGINAL	ORIGINAL
ITEM	X	X	X	X	X	X
1	18.67	17.67	16.54	18.53	18.75	-9.13
2	18.48	17.35	16.94	18.45	18.85	-9.13
3	18.15	16.91	17.26	18.26	18.86	-9.13
4	17.70	16.37	17.47	17.93	18.75	-9.13
5	17.14	15.73	17.54	17.45	18.52	-9.13
6	16.49	15.01	17.45	16.83	18.17	-9.13
7	15.76	14.23	17.19	16.09	17.70	-9.13
8	14.98	13.41	16.75	15.25	17.14	-9.13
9	14.16	12.57	16.15	14.36	16.52	-9.13
10	13.29	11.72	15.40	13.45	15.85	-9.13
11	12.38	10.88	14.56	12.54	15.18	-9.13
12	11.44	10.05	13.67	11.65	14.50	-9.13
13	10.46	9.21	12.75	10.79	13.84	-9.13
14	9.46	8.37	11.83	9.95	13.16	-9.13
15	8.45	7.52	10.92	9.13	12.45	-9.13
16	7.45	6.64	10.01	8.30	11.70	-9.13
17	6.45	5.75	9.10	7.47	10.89	-9.13
18	5.47	4.84	8.17	6.62	10.01	-9.13
19	4.51	3.92	7.20	5.75	9.08	-9.13
20	3.57	3.00	6.18	4.86	8.09	-9.13
21	2.67	2.08	5.11	3.95	7.05	-9.13
22	1.79	1.16	4.01	3.03	5.99	-9.13
23	0.94	0.25	2.89	2.10	4.92	-9.13
24	0.12	-0.65	1.76	1.18	3.84	-9.13
25	-0.69	-1.55	0.65	0.26	2.77	-9.13
26	-1.50	-2.43	-0.43	-0.65	1.71	-9.13
27	-2.30	-3.29	-1.48	-1.56	0.65	-9.13
28	-3.12	-4.15	-2.49	-2.47	-0.40	-9.13
29	-3.94	-4.98	-3.48	-3.39	-1.44	-9.13
30	-4.78	-5.81	-4.44	-4.32	-2.48	-9.13
31	-5.65	-6.63	-5.41	-5.27	-3.53	-9.13
32	-6.53	-7.45	-6.38	-6.23	-4.58	-9.13
33	-7.45	-8.29	-7.36	-7.21	-5.63	-9.13
34	-8.39	-9.14	-8.37	-8.19	-6.70	-9.13
35	-9.36	-10.02	-9.40	-9.19	-7.76	-9.13
36	-10.35	-10.93	-10.44	-10.18	-8.82	-9.13
37	-11.34	-11.86	-11.48	-11.18	-9.87	-9.13
38	-12.33	-12.81	-12.52	-12.19	-10.91	-9.13
39	-13.31	-13.76	-13.53	-13.21	-11.94	-9.13
40	-14.25	-14.71	-14.51	-14.23	-12.97	-9.13
41	-15.15	-15.63	-15.45	-15.27	-13.98	-9.13
42	-16.01	-16.51	-16.36	-16.30	-14.99	-9.13
43	-16.81	-17.35	-17.24	-17.31	-15.98	-9.13
44	-17.55	-18.14	-18.09	-18.28	-16.94	-9.13
45	-18.24	-18.87	-18.91	-19.19	-17.87	-9.13
46	-18.89	-19.53	-19.71	-20.03	-18.75	-9.13
47	-19.48	-20.11	-20.48	-20.77	-19.56	-9.13
48	-20.01	-20.63	-21.21	-21.41	-20.30	-9.13
49	-20.48	-21.06	-21.90	-21.92	-20.94	-9.13
50	-20.86	-21.39	-22.51	-22.29	-21.49	-9.13
51	-21.13	-21.61	-23.01	-22.49	-21.91	-9.13
52	-21.26	-21.68	-23.39	-22.51	-22.17	-9.14
53	-21.23	-21.59	-23.60	-22.32	-22.26	-9.14
54	-20.99	-21.29	-23.61	-21.90	-22.13	-9.14
55	-20.53	-20.76	-23.39	-21.23	-21.76	-9.14
56	-19.81	-19.98	-22.90	-20.30	-21.12	-9.14
57	-18.82	-18.93	-22.13	-19.10	-20.20	-9.14
58	-17.55	-17.61	-21.07	-17.64	-18.98	-9.14
59	-16.02	-16.02	-19.72	-15.93	-17.47	-9.14
60	-14.25	-14.20	-18.11	-14.01	-15.68	-9.14
61	-12.27	-12.18	-16.28	-11.92	-13.66	-9.14
62	-10.15	-10.02	-14.27	-9.73	-11.46	-9.14
63	-7.93	-7.79	-12.15	-7.48	-9.13	-9.14
64	-5.68	-5.55	-9.98	-5.22	-6.72	-9.14
65	-3.45	-3.36	-7.81	-3.00	-4.30	-9.14
66	-1.30	-1.25	-5.69	-0.86	-1.92	-9.14
67	0.77	0.75	-3.64	1.20	0.39	-9.14
68	2.72	2.62	-1.70	3.17	2.59	-9.14
69	4.57	4.37	0.15	5.03	4.68	-9.14
70	6.31	5.99	1.90	6.81	6.65	-9.14
71	7.97	7.52	3.56	8.50	8.49	-9.14
72	9.55	8.96	5.15	10.12	10.23	-9.14
73	11.07	10.32	6.69	11.67	11.86	-9.14
74	12.51	11.62	8.20	13.15	13.42	-9.14
75	13.89	12.84	9.68	14.56	14.90	-9.14
76	15.20	13.98	11.13	15.89	16.30	-9.14
77	16.40	15.02	12.54	17.11	17.61	-9.14
78	17.49	15.95	13.89	18.21	18.83	-9.14
79	18.44	16.73	15.16	19.18	19.92	-9.14
80	19.23	17.36	16.33	19.99	20.87	-9.14
81	19.85	17.83	17.36	20.65	21.65	-9.14
82	20.28	18.12	18.26	21.15	22.24	-9.14
83	20.54	18.26	19.00	21.50	22.62	-9.14
84	20.64	18.24	19.59	21.73	22.80	-9.14
85	20.59	18.09	20.02	21.84	22.78	-9.14
86	20.42	17.84	20.30	21.86	22.59	-9.14
87	20.16	17.51	20.45	21.82	22.25	-9.14
88	19.86	17.16	20.49	21.74	21.81	-9.14
89	19.52	16.82	20.43	21.63	21.29	-9.14
90	19.20	16.51	20.30	21.50	20.75	-9.14
91	18.90	16.27	20.12	21.35	20.21	-9.14
92	18.65	16.11	19.90	21.17	19.72	-9.14
93	18.44	16.05	19.67	20.95	19.28	-9.14
94	18.29	16.08	19.43	20.70	18.92	-9.14
95	18.19	16.19	19.20	20.42	18.65	-9.14
96	18.14	16.35	18.99	20.13	18.48	-9.14
97	18.11	16.54	18.81	19.83	18.38	-9.14
98	18.08	16.70	18.66	19.53	18.35	-9.14
99	18.01	16.79	18.54	19.24	18.34	-9.14
100	17.89	16.79	18.45	18.96	18.32	-9.14
101	17.67	16.65	18.37	18.65	18.24	-9.14