	Gait FB - IOR 1.c3d	Gait FB - IOR 1.c3d	Gait FB - IOR 1.c3d	Gait FB - IOR 2.c3d	Gait FB - IOR 2.c3d	Gait FB - IOR 6.c3d	Gait FB - IOR 6.c3d	Gait FB - IOR 6.c3d	Gait FB - IOR 7.c3d	Gait FB - IOR 7.c3d	Gait FB - IOR 7.c3d	Gait FB - IOR 8.c3d	Gait FB - IOR 8.c3d	Static.c3d
	Right Foot Progression	Right Foot Progression	Right Foot Progression	Right Foot Progression	Right Foot Progression	Right Foot Progression	Right Foot Progression	Right Foot Progression	Right Foot Progression	Right Foot Progression	Right Foot Progression	Right Foot Progression	Right Foot Progression	Right Foot Progression
	LINK_MODEL_BASED	LINK_MODEL_BASED	LINK_MODEL_BASED	LINK_MODEL_BASED	LINK_MODEL_BASED	LINK_MODEL_BASED	LINK_MODEL_BASED	LINK_MODEL_BASED	LINK_MODEL_BASED	LINK_MODEL_BASED	LINK_MODEL_BASED	LINK_MODEL_BASED	LINK_MODEL_BASED	LINK_MODEL_BASED
	ORIGINAL	ORIGINAL	ORIGINAL	ORIGINAL	ORIGINAL	ORIGINAL	ORIGINAL	ORIGINAL	ORIGINAL	ORIGINAL	ORIGINAL	ORIGINAL	ORIGINAL	ORIGINAL
ITEM	Z	Z	Z	Z	Z	Z	Z	Z	Z	Z	Z	Z	Z	Z
1	-18.9	-18.3	-18.1	-14.6	-17.4	-19.5	-21.0	-20.7	-20.4	-18.5	-24.1	-23.8	-21.2	-5.7
2	-18.6	-17.7	-17.4	-14.1	-16.6	-18.7	-20.7	-21.1	-19.4	-18.8	-23.5	-22.8	-20.2	-5.7
3	-18.2	-17.0	-16.5	-13.3	-15.6	-17.9	-20.2	-21.2	-18.1	-19.0	-22.7	-21.5	-19.0	-5.7
4	-17.7	-16.2	-15.6	-12.4	-14.5	-17.0	-19.6	-20.9	-16.7	-19.1	-22.0	-20.0	-17.9	-5.7
5	-17.1	-15.5	-14.8	-11.6	-13.6	-16.2	-19.0	-20.4	-15.5	-18.9	-21.3	-18.5	-16.9	-5.7
6	-16.5	-14.9	-14.0	-10.8	-12.9	-15.6	-18.4	-19.9	-14.6	-18.6	-20.8	-17.3	-16.2	-5.7
7	-16.0	-14.4	-13.4	-10.2	-12.3	-15.1	-17.8	-19.4	-13.9	-18.3	-20.5	-16.4	-15.7	-5.7
8	-15.6	-14.0	-12.9	-9.7	-11.9	-14.7	-17.3	-19.0	-13.5	-17.9	-20.2	-15.7	-15.3	-5.7
9	-15.3	-13.7	-12.4	-9.4	-11.7	-14.4	-17.0	-18.7	-13.2	-17.6	-20.0	-15.3	-15.1	-5.7
10	-15.1	-13.5	-12.1	-9.2	-11.5	-14.2	-16.6	-18.4	-13.1	-17.2	-19.9	-15.1	-14.9	-5.7
11	-15.0	-13.3	-11.8	-9.1	-11.4	-14.0	-16.3	-18.2	-12.9	-16.9	-19.7	-14.9	-14.8	-5.7
12	-14.9	-13.1	-11.6	-9.0	-11.3	-13.9	-16.1	-18.0	-12.8	-16.7	-19.6	-14.8	-14.6	-5.7
13	-14.9	-12.9	-11.5	-8.9	-11.2	-13.7	-15.9	-17.8	-12.7	-16.4	-19.4	-14.7	-14.5	-5.7
14	-14.8	-12.8	-11.3	-8.8	-11.1	-13.6	-15.7	-17.7	-12.5	-16.2	-19.3	-14.7	-14.4	-5.7
15	-14.8	-12.7	-11.2	-8.7	-11.1	-13.5	-15.6	-17.6	-12.4	-16.1	-19.1	-14.6	-14.3	-5.7
16	-14.7	-12.6	-11.1	-8.6	-11.0	-13.4	-15.5	-17.5	-12.3	-15.9	-19.0	-14.5	-14.2	-5.7
17	-14.6	-12.5	-11.1	-8.5	-10.9	-13.3	-15.4	-17.5	-12.2	-15.8	-19.0	-14.4	-14.1	-5.7
18	-14.5	-12.5	-11.0	-8.5	-10.9	-13.2	-15.3	-17.4	-12.1	-15.8	-18.9	-14.4	-14.0	-5.7
19	-14.5	-12.5	-11.0	-8.4	-10.8	-13.2	-15.3	-17.4	-12.0	-15.8	-18.9	-14.3	-14.0	-5.7
20	-14.5	-12.5	-10.9	-8.4	-10.8	-13.1	-15.3	-17.4	-11.9	-15.8	-18.9	-14.3	-13.9	-5.7
21	-14.5	-12.5	-10.9	-8.3	-10.8	-13.1	-15.3	-17.3	-11.9	-15.8	-18.9	-14.2	-13.9	-5.7
22	-14.5	-12.5	-10.9	-8.3	-10.7	-13.1	-15.3	-17.3	-11.9	-15.8	-18.9	-14.2	-14.0	-5.7
23	-14.5	-12.5	-10.9	-8.3	-10.7	-13.1	-15.3	-17.3	-11.9	-15.8	-18.9	-14.2	-14.0	-5.7
24	-14.5	-12.5	-11.0	-8.3	-10.7	-13.1	-15.3	-17.3	-11.9	-15.8	-18.9	-14.2	-14.0	-5.7
25	-14.5	-12.6	-11.0	-8.3	-10.7	-13.1	-15.3	-17.3	-11.9	-15.8	-18.9	-14.2	-14.0	-5.7
26	-14.5	-12.6	-11.0	-8.3	-10.7	-13.1	-15.4	-17.3	-11.9	-15.8	-18.9	-14.2	-14.0	-5.7
27	-14.5	-12.6	-11.1	-8.3	-10.7	-13.1	-15.4	-17.3	-11.9	-15.9	-19.0	-14.2	-14.0	-5.7
28	-14.5	-12.7	-11.1	-8.3	-10.7	-13.1	-15.5	-17.3	-11.9	-15.9	-19.0	-14.3	-14.0	-5.7
29	-14.5	-12.7	-11.1	-8.3	-10.8	-13.1	-15.5	-17.4	-11.9	-16.0	-19.0	-14.3	-14.0	-5.7
30	-14.6	-12.8	-11.2	-8.4	-10.8	-13.1	-15.6	-17.4	-11.9	-16.1	-19.0	-14.4	-14.0	-5.7
31	-14.6	-12.9	-11.2	-8.4	-10.9	-13.2	-15.7	-17.5	-11.9	-16.2	-19.0	-14.4	-14.0	-5.7
32	-14.7	-12.9	-11.3	-8.4	-11.0	-13.3	-15.8	-17.6	-12.0	-16.3	-19.1	-14.5	-14.0	-5.7
33	-14.8	-13.0	-11.3	-8.5	-11.0	-13.4	-15.9	-17.7	-12.0	-16.4	-19.1	-14.5	-14.0	-5.7
34	-14.9	-13.1	-11.4	-8.6	-11.1	-13.5	-16.0	-17.7	-12.1	-16.5	-19.1	-14.6	-14.0	-5.7
35	-15.0	-13.1	-11.4	-8.6	-11.1	-13.6	-16.1	-17.8	-12.1	-16.6	-19.2	-14.7	-14.1	-5.7
36	-15.0	-13.2	-11.4	-8.7	-11.2	-13.7	-16.2	-17.9	-12.2	-16.7	-19.2	-14.7	-14.1	-5.7
37	-15.1	-13.3	-11.4	-8.7	-11.2	-13.8	-16.2	-18.0	-12.2	-16.9	-19.2	-14.7	-14.1	-5.7
38	-15.2	-13.4	-11.5	-8.8	-11.3	-13.9	-16.3	-18.1	-12.3	-17.0	-19.3	-14.8	-14.2	-5.7
39	-15.2	-13.4	-11.5	-8.9	-11.3	-14.0	-16.4	-18.2	-12.3	-17.1	-19.3	-14.8	-14.2	-5.7
40	-15.3	-13.5	-11.5	-8.9	-11.4	-14.1	-16.5	-18.3	-12.4	-17.2	-19.4	-14.9	-14.3	-5.7
41	-15.4	-13.6	-11.5	-9.0	-11.4	-14.2	-16.5	-18.4	-12.5	-17.3	-19.5	-14.9	-14.4	-5.7
42	-15.4	-13.8	-11.6	-9.1	-11.5	-14.4	-16.6	-18.5	-12.5	-17.4	-19.5	-14.9	-14.4	-5.7
43	-15.5	-13.9	-11.6	-9.2	-11.6	-14.5	-16.7	-18.6	-12.6	-17.5	-19.6	-15.0	-14.5	-5.7
44	-15.6	-14.0	-11.7	-9.3	-11.7	-14.6	-16.7	-18.6	-12.7	-17.6	-19.7	-15.0	-14.6	-5.7
45	-15.7	-14.1	-11.8	-9.4	-11.9	-14.7	-16.8	-18.7	-12.7	-17.7	-19.7	-15.1	-14.6	-5.7
46	-15.9	-14.3	-11.9	-9.6	-12.0	-14.8	-16.9	-18.8	-12.8	-17.8	-19.8	-15.1	-14.6	-5.7
47	-16.0	-14.4	-12.0	-9.7	-12.2	-14.9	-17.0	-19.0	-12.9	-17.9	-19.9	-15.1	-14.6	-5.7
48	-16.2	-14.6	-12.1	-10.0	-12.3	-15.1	-17.2	-19.1	-13.0	-18.0	-20.0	-15.1	-14.7	-5.7
49	-16.4	-14.8	-12.2	-10.3	-12.4	-15.2	-17.3	-19.3	-13.1	-18.1	-20.2	-15.0	-14.7	-5.7
50	-16.5	-14.9	-12.4	-10.6	-12.5	-15.3	-17.4	-19.6	-13.1	-18.3	-20.3	-15.0	-14.9	-5.7
51	-16.6	-15.1	-12.5	-10.9	-12.4	-15.4	-17.5	-19.8	-13.2	-18.5	-20.4	-14.9	-15.0	-5.7
52	-16.4	-15.2	-12.5	-11.1	-12.1	-15.3	-17.6	-19.9	-13.3	-18.7	-20.5	-14.8	-15.1	-5.7
53	-16.2	-15.3	-12.5	-11.3	-11.8	-15.1	-17.5	-19.9	-13.2	-18.7	-20.4	-14.6	-15.2	-5.7
54	-15.7	-15.1	-12.4	-11.4	-11.3	-14.7	-17.2	-19.7	-13.1	-18.7	-20.2	-14.4	-15.1	-5.7
55	-15.2	-14.9	-12.2	-11.3	-10.7	-14.2	-16.8	-19.3	-12.8	-18.5	-19.9	-14.2	-14.9	-5.7
56	-14.6	-14.5	-11.9	-11.2	-10.2	-13.7	-16.2	-18.7	-12.5	-18.0	-19.4	-14.1	-14.6	-5.7
57	-14.1	-13.9	-11.5	-11.0	-9.7	-13.2	-15.6	-17.9	-12.1	-17.4	-18.9	-14.1	-14.3	-5.7
58	-13.7	-13.3	-11.1	-10.8	-9.4	-12.8	-14.9	-17.2	-11.6	-16.6	-18.4	-14.4	-13.9	-5.7
59	-13.6	-12.7	-10.8	-10.8	-9.4	-12.6	-14.3	-16.5	-11.3	-15.8	-18.0	-15.2	-13.8	-5.7
60	-13.8	-12.1	-10.6	-10.9	-9.6	-12.5	-13.9	-15.8	-11.0	-15.1	-17.8	-16.4	-13.8	-5.7
61	-14.1	-11.5	-10.7	-11.3	-9.9	-12.4	-13.6	-15.4	-10.9	-14.4	-18.0	-18.0	-14.0	-5.7
62	-14.6	-10.9	-11.0	-11.9	-10.4	-12.5	-13.4	-14.9	-11.0	-13.7	-18.3	-19.8	-14.3	-5.7
63	-15.1	-10.3	-11.4	-12.6	-10.9	-12.5	-13.3	-14.5	-11.1	-13.1	-18.7	-21.5	-14.7	-5.7
64	-15.6	-9.6	-11.8	-13.3	-11.3	-12.6	-13.1	-14.1	-11.2	-12.6	-19.1	-23.0	-15.0	-5.7
65	-16.2	-9.2	-12.4	-14.0	-11.9	-13.0	-13.0	-13.7	-11.4	-12.2	-19.4	-24.1	-15.2	-5.7
66	-16.9	-9.0	-12.9	-14.8	-12.5	-13.6	-13.0	-13.4	-11.7	-12.1	-19.6	-24.9	-15.6	-5.7
67	-17.8	-9.4	-13.6	-15.7	-13.3	-14.7	-13.2	-13.3	-12.5	-12.3	-19.8	-25.6	-16.2	-5.7
68	-18.7	-10.4	-14.4	-16.6	-14.3	-16.0	-13.6	-13.5	-13.8	-13.0	-20.1	-26.1	-17.3	-5.7
69	-19.6	-12.1	-15.4	-17.6	-15.4	-17.5	-14.3	-14.1	-15.5	-14.1	-20.6	-26.4	-18.6	-5.7
70	-20.4	-14.2	-16.5	-18.6	-16.6	-19.1	-15.2	-15.0	-17.5	-15.7	-21.3	-26.7	-20.2	-5.7
71	-21.1	-16.5	-17.7	-19.5	-17.8	-20.5	-16.2	-16.2	-19.5	-17.4	-22.2	-26.7	-21.8	-5.7
72	-21.5	-18.7	-18.7	-20.3	-19.0	-21.7	-17.2	-17.5	-21.3	-19.2	-23.0	-26.4	-23.4	-5.7
73	-21.8	-20.7	-19.7	-20.9	-20.1	-22.6	-18.2	-18.8	-22.6	-21.0	-23.8	-25.7	-24.6	-5.7
74	-21.7	-22.3	-20.5	-21.4	-21.1	-23.1	-19.0	-20.0	-23.5	-22.6	-24.4	-24.7	-25.3	-5.7
75	-21.4	-23.5	-21.1	-21.5	-21.7	-23.2	-19.6	-20.9	-23.8	-23.8	-24.6	-23.2	-25.5	-5.7
76	-20.7	-24.2	-21.4	-21.2	-22.0	-22.9	-20.0	-21.6	-23.6	-24.6	-24.4	-21.3	-25.2	-5.7
77	-19.9	-24.4	-21.4	-20.6	-21.8	-22.3	-20.1	-21.9	-23.0	-25.0	-23.8	-19.3	-24.5	-5.7
78	-18.8	-24.1	-21.2	-19.7	-21.2	-21.4	-20.0	-21.9	-22.0	-24.9	-22.7	-17.2	-23.6	-5.7
79	-17.8	-23.5	-20.7	-18.6	-20.3	-20.3	-19.7	-21.5	-20.9	-24.5	-21.4	-15.2	-22.6	-5.7
80	-16.8	-22.5	-20.1	-17.4	-19.2	-19.1	-19.3	-20.9	-19.8	-23.9	-20.1	-13.4	-21.8	-5.7
81	-16.1	-21.5	-19.4	-16.1	-18.2	-18.1	-18.8	-20.1	-18.7	-23.2	-18.7	-12.0	-21.3	-5.7
82	-15.6	-20.4	-18.8	-15.0	-17.4	-17.3	-18.3	-19.2	-17.9	-22.6	-17.7	-11.1	-21.1	-5.7
83	-15.3	-19.5	-18.3	-14.2	-16.8	-16.7	-18.0	-18.4	-17.3	-22.2	-17.0	-10.5	-21.2	-5.7
84	-15.2	-18.9	-17.9	-13.6	-16.6	-16.4	-17.8	-17.8	-16.9	-22.1	-16.6	-10.4	-21.5	-5.7
85	-15.2	-18.5	-17.7	-13.3	-16.7	-16.5	-17.7	-17.3	-16.7	-22.2	-16.6	-10.5	-21.9	-5.7
86	-15.2	-18.3	-17.8	-13.3	-17.0	-16.7	-17.7	-17.0	-16.5	-22.3	-16.8	-10.7	-22.1	-5.7
87	-15.1	-18.2	-18.1	-13.5	-17.4	-17.0	-17.7	-16.8	-16.4	-22.5	-17.0	-11.0	-22.2	-5.7
88	-14.9	-18.1	-18.5	-13.7	-17.9	-17.3	-17.7	-16.6	-16.1	-22.6	-17.2	-11.2	-22.0	-5.7
89	-14.7	-18.0	-19.0	-14.0	-18.4	-17.7	-17.6	-16.5	-15.8	-22.6	-17.2	-11.5	-21.7	-5.7
90	-14.4	-17.9	-19.4	-14.3	-19.0	-17.9	-17.3	-16.5	-15.3	-22.4	-17.1	-11.8	-21.2	-5.7
91	-14.3	-17.8	-19.8	-14.5	-19.7	-18.1	-16.9	-16.6	-14.9	-22.2	-16.7	-12.2	-20.8	-5.7
92	-14.4	-17.6	-20.0	-14.8	-20.5	-18.3	-16.5	-16.7	-14.6	-22.0	-16.4	-12.9	-20.5	-5.7
93	-14.7	-17.6	-20.2	-15.1	-21.3	-18.6	-16.2	-17.1	-14.5	-22.0	-16.1	-13.9	-20.5	-5.7
94	-15.3	-17.6	-20.4	-15.5	-22.2	-18.9	-16.0	-17.7	-14.6	-22.3	-16.0	-15.3	-20.9	-5.7
95	-16.1	-17.7	-20.7	-16.0	-23.1	-19.3	-16.0	-18.5	-15.0	-22.8	-16.2	-16.9	-21.5	-5.7
96	-17.0	-18.0	-21.0	-16.6	-23.8	-19.8	-16.3	-19.4	-15.6	-23.5	-16.8	-18.6	-22.3	-5.7
97	-17.8	-18.3	-21.4	-17.2	-24.3	-20.3	-17.0	-20.3	-16.2	-24.2	-17.6	-20.2	-23.0	-5.7
98	-18.4	-18.6	-21.9	-17.7	-24.4	-20.8	-17.9	-21.2	-16.9	-24.6	-18.7	-21.3	-23.4	-5.7
99	-18.7	-18.7	-22.3	-18.0	-24.3	-21.0	-19.0	-21.7	-17.5	-24.8	-19.7	-21.9	-23.3	-5.7
100	-18.7	-18.6	-22.6	-17.9	-23.8	-21.1	-19.9	-21.8	-18.1	-24.6	-20.6	-21.8	-22.7	-5.7
101	-18.3	-18.1	-22.6	-17.4	-23.2	-21.0	-20.7	-21.5	-18.5	-24.1	-21.2	-21.2	-21.5	-5.7